999 36991.2 243.397
13461 294918 21470.3
25923 423090 20308.7
38385 525853 29144.4
50847 633960 27649.9
63309 733665 24529.9
75771 833396 41679.3
88233 925165 25907.7
100695 1.03949e+06 54396.9
113157 1.12377e+06 16105.7
125619 1.22647e+06 25545.5
138081 1.33591e+06 34207.8
150543 1.43066e+06 45044.6
163005 1.52739e+06 41190.8
175467 1.63e+06 34998.5
187929 1.71714e+06 32885.9
200391 1.82211e+06 24028.6
212853 1.92236e+06 36955.6
225315 2.00819e+06 19474.1
237777 2.12068e+06 21258.5
250239 2.23649e+06 22053.5
262701 2.39237e+06 66476.9
275163 2.43413e+06 37581.3
287625 2.55641e+06 35937.8
300087 2.65992e+06 21122
312549 2.75432e+06 25023.3
325011 2.86749e+06 61330.9
337473 2.95743e+06 14841.6
349935 3.06276e+06 25775.1
362397 3.15298e+06 17733.7
374859 3.26556e+06 29791.9
387321 3.36247e+06 16200.7
399783 3.46721e+06 32148.3
412245 3.56298e+06 31646.7
424707 3.62494e+06 14089.5
437169 3.74183e+06 59117.2
449631 3.83011e+06 48036.6
462093 3.94188e+06 59750.7
474555 4.01217e+06 15227.1
487017 4.13624e+06 84631.7
