299 39257.1 10174.4
744 66344.4 6816.92
1189 76507.6 5362.15
1634 89027.3 12513.4
2079 83595.6 5727.28
2524 103337 9098.78
2969 110146 16024.2
3414 104720 7847.41
3859 117636 11314
4304 126936 12620.9
4749 133630 10031.3
5194 135180 11966.8
5639 136508 10273.1
6084 140720 11599.3
6529 145934 9864.43
6974 152642 10059.6
7419 158019 15467.7
7864 164628 12497.3
8309 174204 18776.5
8754 184724 19551.5
9199 180147 14521.7
9644 187127 11666.6
10089 190197 10756.1
10534 193635 12222.7
10979 206869 24451.6
11424 208620 13924.3
11869 212216 11812.8
12314 223216 21093.8
12759 222673 11618.5
13204 229274 13732.8
13649 245157 31423.1
14094 241144 12941.9
14539 250035 23557.3
14984 255793 24211.5
15429 266855 28769.2
15874 270437 33476.8
16319 265294 26246.6
16764 274123 35240.3
17209 275797 28317.9
17654 278680 24732
18099 289485 24850.3
18544 301394 32065.7
18989 295694 17419.6
19434 300131 15148.8
19879 304758 12298.4
20324 306894 14683.5
20769 319162 26197.5
21214 326973 23467
21659 324220 11927.7
22104 336714 21904.2
22549 341739 31007.6
22994 340814 20087.1
23439 348816 22419.3
23884 361710 30070.9
24329 361381 25150.1
24774 370600 38643.7
25219 375179 20235.8
25664 382090 25017.7
26109 381134 30204.3
26554 394114 29008.2
26999 388609 11527
27444 396930 33312.7
27889 410072 32324.1
28334 416925 32822.2
28779 422356 26806.5
29224 424030 25537.1
29669 443358 52958.7
30114 437652 36239.6
30559 431085 23070.2
31004 448419 38900.9
31449 444374 21635.8
31894 449825 26151.6
32339 458918 29696
32784 465396 27056.6
33229 477239 47061.7
33674 479803 32774.3
34119 475623 31303
34564 482407 33885.7
35009 493531 35785
35454 499131 36648.4
35899 493854 43825.8
36344 504172 27599.9
36789 513802 30902.2
37234 516398 34929.4
37679 520465 24734.3
38124 522064 19320.8
38569 535771 37817.2
39014 533920 45236.5
39459 540872 34062.6
39904 573283 51103.3
40349 540492 23618.3
40794 554140 24726
41239 559349 26326.4
41684 565581 33182.7
42129 563425 29883.4
42574 567111 20088
43019 573399 21824.6
43464 581509 21350.5
43909 595402 31036.3
44354 580374 14151.4
