1 540.9 10.9266
250 9588.05 260.156
499 20139.7 881.183
748 31740.8 240.533
997 100661 197626
1246 64509.8 17395.8
1495 67942.2 2536.22
1744 90302.9 40799.7
1993 91186 2430.31
2242 120999 28865.6
2491 152473 169587
2740 182140 241742
2989 312118 604094
3238 148482 10854.6
3487 355306 779095
3736 248206 315542
3985 196041 32492.4
4234 225306 41577.3
4483 230775 46808.9
4732 282223 254321
4981 245697 19999.5
5230 279790 71444.5
5479 271946 12531.3
5728 490353 913456
5977 289113 18271.3
6226 326756 51195.6
6475 493823 543433
6724 332828 22688.3
6973 376464 118152
7222 541776 426438
7471 387710 62154.8
7720 394670 36698.3
7969 434051 89470.8
8218 435295 41048.7
8467 606731 520285
8716 499476 128798
8965 504584 69701.6
9214 537125 258943
9463 504004 70196.9
9712 513212 48572.3
