100000 6.18927e+06 33396.9
115000 6.95494e+06 143249
130000 7.86647e+06 280182
145000 8.82139e+06 48495.9
160000 9.80782e+06 37446.6
175000 1.08263e+07 72048.6
190000 1.22044e+07 241324
205000 1.36575e+07 251872
220000 1.44483e+07 52797.3
235000 1.52972e+07 38106.3
250000 1.65143e+07 408891
265000 1.78251e+07 372921
280000 1.93462e+07 806716
295000 2.06286e+07 210964
310000 2.08321e+07 77600.6
325000 2.27553e+07 1.0637e+06
340000 2.29798e+07 459132
355000 2.42078e+07 964460
370000 2.53182e+07 528666
385000 2.64395e+07 1.3004e+06
400000 2.80563e+07 993361
415000 2.82502e+07 76796.1
430000 2.94e+07 319836
445000 3.15957e+07 619820
460000 3.10799e+07 98683.6
475000 3.28767e+07 1.05806e+06
490000 3.34493e+07 1.19472e+06
505000 3.49597e+07 642635
520000 3.63724e+07 840413
535000 3.6321e+07 838247
550000 3.88469e+07 1.56274e+06
565000 4.02773e+07 1.43561e+06
580000 4.10021e+07 228714
595000 4.2178e+07 111189
610000 4.37459e+07 859781
625000 4.37834e+07 716965
640000 4.63357e+07 1.02958e+06
655000 4.68336e+07 147917
670000 4.84282e+07 933356
685000 4.95925e+07 1.87366e+06
