1 533.6 8.21827
250 309567 238381
499 812547 175392
748 1.84836e+06 300043
997 3.81104e+06 517450
1246 5.58078e+06 392602
1495 9.77423e+06 1.4299e+06
1744 1.15198e+07 805397
1993 1.53438e+07 691187
2242 1.93269e+07 798190
2491 2.45273e+07 1.57698e+06
2740 3.12619e+07 2.70997e+06
2989 3.57731e+07 1.7646e+06
3238 4.149e+07 899860
3487 4.91278e+07 1.24825e+06
3736 5.66893e+07 1.67428e+06
3985 6.4704e+07 2.49517e+06
4234 7.42454e+07 2.60678e+06
4483 8.14653e+07 2.83611e+06
4732 9.22283e+07 4.02415e+06
4981 1.03858e+08 4.89937e+06
5230 1.1384e+08 4.53034e+06
5479 1.24018e+08 3.08836e+06
5728 1.36043e+08 4.67999e+06
5977 1.49887e+08 6.32598e+06
6226 1.60272e+08 4.33222e+06
6475 1.73885e+08 4.55164e+06
6724 1.90006e+08 4.41343e+06
6973 2.02971e+08 5.97322e+06
7222 2.20742e+08 7.13918e+06
7471 2.33638e+08 6.89265e+06
7720 2.48434e+08 7.4319e+06
7969 2.66305e+08 8.77742e+06
8218 2.83624e+08 5.73587e+06
8467 2.98838e+08 5.89389e+06
8716 3.2033e+08 9.30241e+06
8965 3.42133e+08 1.21731e+07
9214 3.633e+08 1.51223e+07
9463 3.79279e+08 1.66411e+07
9712 4.03864e+08 1.72359e+07
