1415 1.06168e+07 1.48564e+06
34701 3.16282e+07 4.10495e+06
67987 4.91415e+07 4.31177e+06
101273 6.61966e+07 3.47344e+06
134559 8.28475e+07 4.36753e+06
167845 9.7643e+07 4.2658e+06
201131 1.14715e+08 5.013e+06
234417 1.32145e+08 5.27246e+06
267703 1.48094e+08 7.55155e+06
300989 1.65106e+08 5.93136e+06
334275 1.83362e+08 6.68483e+06
367561 2.03796e+08 8.51972e+06
400847 2.18751e+08 7.52482e+06
434133 2.31692e+08 7.53076e+06
467419 2.46254e+08 6.13187e+06
500705 2.59956e+08 7.47917e+06
533991 2.71495e+08 8.81945e+06
567277 2.88611e+08 9.78273e+06
600563 3.00525e+08 9.22211e+06
633849 3.09865e+08 9.03282e+06
667135 3.19823e+08 8.70027e+06
700421 3.33806e+08 1.09351e+07
733707 3.36904e+08 1.18164e+07
766993 3.41656e+08 8.92459e+06
800279 3.43915e+08 8.52478e+06
833565 3.42059e+08 1.03943e+07
866851 3.42877e+08 1.05502e+07
900137 3.44663e+08 1.15983e+07
933423 3.33742e+08 8.49457e+06
966709 3.26254e+08 1.18691e+07
