23997 2.70705e+06 212127
29996 3.41418e+06 225560
35995 4.05723e+06 211149
41994 5.11711e+06 458326
47993 5.72621e+06 274544
53992 6.53484e+06 379166
59991 7.24201e+06 335002
65990 8.29741e+06 583032
71989 9.30557e+06 619197
77988 9.80616e+06 477279
83987 1.07119e+07 685684
89986 1.13863e+07 566380
95985 1.22106e+07 416183
101984 1.33826e+07 718843
107983 1.3908e+07 488173
113982 1.49918e+07 1.08212e+06
119981 1.59513e+07 688856
125980 1.6941e+07 902462
131979 1.79171e+07 820622
137978 1.90435e+07 341165
143977 1.91937e+07 716643
149976 1.99616e+07 518951
155975 2.08895e+07 580749
161974 2.20542e+07 691287
167973 2.36277e+07 1.44258e+06
173972 2.38791e+07 1.18905e+06
179971 2.46169e+07 910538
185970 2.56421e+07 1.33807e+06
191969 2.65056e+07 722253
197968 2.7651e+07 963731
203967 2.85468e+07 1.11255e+06
209966 2.92174e+07 1.13498e+06
215965 3.02512e+07 1.43574e+06
221964 3.07962e+07 794639
227963 3.22201e+07 1.93715e+06
233962 3.4483e+07 3.1299e+06
239961 3.39064e+07 2.26023e+06
245960 3.46692e+07 1.37751e+06
251959 3.61256e+07 1.75817e+06
257958 3.79186e+07 5.03155e+06
263957 3.78563e+07 1.68297e+06
269956 3.9332e+07 2.11193e+06
275955 4.02971e+07 2.28951e+06
281954 4.12695e+07 1.79783e+06
287953 4.20714e+07 1.11782e+06
293952 4.30342e+07 2.10351e+06
299951 4.47252e+07 1.61582e+06
305950 4.64503e+07 1.71385e+06
311949 4.87135e+07 1.41588e+06
317948 4.95426e+07 1.34346e+06
323947 5.03789e+07 1.15199e+06
329946 5.15159e+07 1.64748e+06
335945 5.47342e+07 7.81991e+06
341944 5.53324e+07 3.93183e+06
347943 5.27577e+07 1.92648e+06
353942 5.28508e+07 1.21098e+06
359941 5.33824e+07 2.43562e+06
365940 5.46536e+07 1.88425e+06
371939 5.606e+07 2.89275e+06
377938 5.66095e+07 2.48841e+06
383937 5.72971e+07 2.16892e+06
389936 5.85263e+07 2.29508e+06
395935 5.85119e+07 1.29575e+06
401934 6.0582e+07 2.93103e+06
407933 6.1398e+07 2.24578e+06
413932 6.24413e+07 1.68041e+06
419931 6.52779e+07 4.82094e+06
425930 6.47418e+07 2.76532e+06
431929 6.59894e+07 2.71036e+06
437928 6.63865e+07 1.42312e+06
443927 6.87099e+07 4.811e+06
449926 6.7715e+07 1.26329e+06
455925 7.19314e+07 3.35496e+06
461924 7.05423e+07 2.35828e+06
467923 7.1603e+07 2.00194e+06
473922 7.36134e+07 5.77469e+06
479921 7.54888e+07 3.65482e+06
485920 7.58666e+07 2.83428e+06
491919 7.61338e+07 2.37262e+06
497918 7.80169e+07 4.27368e+06
500000 7.79713e+07 1.82459e+06
510000 8.04988e+07 2.31282e+06
520000 8.26389e+07 2.72925e+06
530000 8.33659e+07 2.44715e+06
540000 8.55819e+07 2.36435e+06
550000 8.68768e+07 2.22872e+06
560000 8.9016e+07 2.28445e+06
570000 9.30169e+07 6.71497e+06
580000 9.3747e+07 4.15038e+06
590000 9.48791e+07 2.56003e+06
600000 9.70294e+07 3.99363e+06
610000 9.8036e+07 2.86275e+06
620000 1.00562e+08 3.28144e+06
630000 1.02753e+08 3.91731e+06
640000 1.05173e+08 4.07252e+06
650000 1.06406e+08 3.6817e+06
660000 1.07601e+08 3.67454e+06
670000 1.07842e+08 1.98224e+06
680000 1.11018e+08 1.88822e+06
690000 1.12905e+08 3.40461e+06
