1 283.9 3.73229
11 1948.06 7.80361
21 5311.7 389.93
31 10187.1 2961.15
41 15479.2 717.786
51 22991.3 1056.7
61 32048.4 1212.02
71 47825.3 1816.71
81 67733.8 7246.92
91 66457.3 1980.62
101 75586.1 6473.14
111 140107 9279.99
121 161559 6141.61
131 203623 9143.72
141 244882 7896.19
151 211097 14137.3
161 323685 11897.4
171 227745 11046.7
181 255156 10091.4
191 466572 24665.1
201 524928 19682
211 593137 30136.7
221 647016 31676.7
231 426670 27956.3
241 472100 39880.5
251 605219 40547.6
261 701339 62524.1
271 952751 51323.5
281 1.03864e+06 61063.1
291 858852 69884.2
301 1.2192e+06 83959.9
311 1.28206e+06 83166.3
321 1.44077e+06 107589
331 1.49351e+06 91322.7
341 1.16714e+06 97363.3
351 1.67829e+06 101910
361 1.3111e+06 109426
371 1.2002e+06 137659
381 2.01443e+06 117403
391 1.46869e+06 141606
401 1.59541e+06 136574
411 2.48111e+06 368295
421 2.48621e+06 176135
431 2.57123e+06 158855
441 2.68933e+06 149395
451 1.74274e+06 173790
461 2.8575e+06 189065
471 3.16953e+06 213242
481 3.21422e+06 191355
491 3.4837e+06 204694
501 2.18904e+06 197319
511 3.77386e+06 205764
521 2.89734e+06 200377
531 4.00746e+06 243990
541 3.52836e+06 239959
551 4.13271e+06 261622
561 4.47544e+06 278115
571 4.75837e+06 258867
581 4.80993e+06 259095
591 3.77033e+06 255917
601 3.91084e+06 596899
611 4.00876e+06 700632
621 5.65066e+06 386091
631 4.56001e+06 656443
641 3.69203e+06 312869
651 6.17284e+06 341781
661 4.56671e+06 342719
671 5.93859e+06 730609
681 6.6452e+06 353688
691 4.57067e+06 334648
701 4.60685e+06 392409
711 7.1537e+06 383115
721 7.51232e+06 597937
731 7.8224e+06 428681
741 5.53107e+06 416634
751 6.44775e+06 421781
761 5.11565e+06 401626
771 8.12709e+06 453226
781 6.28014e+06 837287
791 8.96913e+06 484339
801 5.64945e+06 477525
811 9.74648e+06 490583
821 7.93775e+06 844940
831 8.48059e+06 518042
841 1.0082e+07 543802
851 1.02804e+07 588605
861 9.78653e+06 583152
871 9.89996e+06 564840
881 6.82399e+06 562450
891 7.11995e+06 688225
901 8.00057e+06 1.08271e+06
911 1.16196e+07 637193
921 1.21806e+07 681230
931 1.09822e+07 683684
941 8.58001e+06 680302
951 1.01589e+07 676526
961 1.34986e+07 1.38758e+06
971 1.37247e+07 740499
981 1.37271e+07 711129
991 1.13182e+07 1.5937e+06
