1 309.4 5.87878
11 2010.3 1301.78
21 5107.3 1392.26
31 8745.72 531.601
41 14802.5 2120.51
51 22478.2 4113.55
61 30758.5 9532.79
71 48213.4 2668.09
81 69894.6 11096.1
91 84608.3 3902.02
101 73759.4 5131.06
111 129638 10458.4
121 168199 9117.31
131 205986 12422.3
141 205114 10939.8
151 249508 14707.1
161 209769 14311.2
171 343932 20943.5
181 400599 16167.9
191 369797 21931.5
201 386225 24052.7
211 584530 23489.5
221 475699 34532.4
231 571346 31612.3
241 486034 42902.1
251 566717 46550.6
261 871642 53221.9
271 729098 63192
281 1.09635e+06 75921.3
291 1.05772e+06 66338.7
301 958384 70360
311 784831 73852.8
321 1.40331e+06 87331.9
331 1.1123e+06 84011.3
341 1.55593e+06 125961
351 1.01885e+06 99991.9
361 1.11895e+06 108735
371 1.43902e+06 351865
381 2.03048e+06 113995
391 1.4405e+06 115886
401 1.46663e+06 126974
411 1.94953e+06 379975
421 1.86539e+06 166891
431 2.57529e+06 148512
441 2.27401e+06 360444
451 1.93833e+06 186215
461 2.41859e+06 146204
471 1.9356e+06 189823
481 3.31878e+06 360352
491 2.17127e+06 210510
501 3.60004e+06 221422
511 2.29838e+06 200044
521 2.56102e+06 203126
531 3.95201e+06 205116
541 2.55933e+06 213113
551 3.24088e+06 263102
561 2.88184e+06 537360
571 4.88e+06 507338
581 3.25891e+06 236809
591 3.46965e+06 600112
601 3.11311e+06 270143
611 3.80551e+06 311320
621 5.82118e+06 606750
631 5.14244e+06 367688
641 3.64369e+06 341672
651 3.75702e+06 350770
661 3.9737e+06 317511
671 4.12696e+06 344831
681 6.25423e+06 394256
691 4.43265e+06 381382
701 7.20077e+06 372364
711 7.29382e+06 360361
721 6.73195e+06 590342
731 7.94602e+06 439489
741 4.97445e+06 353532
751 8.07857e+06 438983
761 5.1207e+06 453817
771 8.49418e+06 470344
781 5.5214e+06 441866
791 6.52741e+06 476863
801 7.06873e+06 521404
811 8.4491e+06 717778
821 6.20646e+06 814319
831 9.86418e+06 564791
841 6.28603e+06 522415
851 9.75383e+06 564856
861 7.01774e+06 1.31785e+06
871 8.46083e+06 711796
881 7.08325e+06 1.05969e+06
891 7.45828e+06 574204
901 7.25811e+06 649272
911 7.76872e+06 620407
921 9.82683e+06 599983
931 7.67662e+06 624434
941 1.28692e+07 646442
951 1.20313e+07 1.09023e+06
961 1.11024e+07 661436
971 1.39188e+07 956130
981 1.37304e+07 748282
991 8.99311e+06 684922
