1 840.45 83.8941
21 12406 174.294
41 39812 205.604
61 31862.2 2321.27
81 54161.9 2931.22
101 98258.1 12410.5
121 121932 10715.7
141 250981 12920.2
161 328196 15188.2
181 420697 20889.3
201 318445 17641.1
221 387172 30351.5
241 755683 38322.1
261 554742 49530
281 1.05885e+06 67852.3
301 774373 157100
321 1.36562e+06 85076.3
341 983714 174356
361 1.04122e+06 103545
381 1.36138e+06 236317
401 1.62027e+06 342116
421 1.66494e+06 157103
441 2.20527e+06 163106
461 3.09032e+06 197955
481 1.99413e+06 175464
501 2.43263e+06 205101
521 3.88928e+06 259311
541 3.39724e+06 309278
561 4.47161e+06 294544
581 3.91561e+06 405689
601 5.09393e+06 332515
621 4.03485e+06 298866
641 5.3273e+06 300783
661 3.94108e+06 321480
681 4.05871e+06 509577
701 5.34396e+06 553267
721 4.83446e+06 525819
741 5.6541e+06 1.23379e+06
761 6.99054e+06 459785
781 8.88709e+06 621783
801 7.79155e+06 537996
821 9.43556e+06 487565
841 1.02232e+07 508811
861 8.07288e+06 525680
881 6.79785e+06 532163
901 1.15175e+07 566361
921 1.21712e+07 653869
941 1.31058e+07 1.20426e+06
961 9.56477e+06 559299
981 8.4167e+06 668321
