1 324.24 3.33802
11 1895.06 163.878
21 5403.36 1314.62
31 8796.7 566.07
41 15008.7 3972.82
51 21286.5 902.293
61 30339.2 3070.22
71 45689.1 5575.02
81 54499.3 1691.95
91 60696.8 2074.5
101 112770 6312.55
111 116529 5459.29
121 138504 8932.41
131 177801 10446.9
141 244546 10807.3
151 187980 11630.8
161 317925 13454
171 324942 14844.1
181 437174 27483
191 338839 16875.3
201 336911 21709.1
211 574274 21477.9
221 655286 33442.2
231 705226 33859.9
241 687598 44805.3
251 850708 39418.9
261 538571 50241.2
271 791670 57950.2
281 917073 67048.5
291 921004 65451.5
301 1.22979e+06 72445.2
311 787657 82076.6
321 1.37335e+06 87512.4
331 933933 100595
341 1.50594e+06 257900
351 1.58083e+06 104238
361 1.16943e+06 110916
371 1.14094e+06 118588
381 1.65954e+06 110699
391 2.10269e+06 136794
401 1.37874e+06 133259
411 2.4144e+06 147733
421 1.58013e+06 155207
431 1.65426e+06 147705
441 1.89602e+06 170590
451 2.83962e+06 168859
461 3.07806e+06 185453
471 1.94296e+06 198361
481 2.66263e+06 392055
491 3.14425e+06 455029
501 2.30681e+06 403352
511 3.71705e+06 371180
521 3.89606e+06 243124
531 4.0555e+06 241555
541 4.36291e+06 261400
551 2.79664e+06 248247
561 4.62525e+06 251558
571 4.86293e+06 306693
581 4.8831e+06 310972
591 4.6835e+06 312078
601 5.16636e+06 325576
611 4.29275e+06 323442
621 4.53637e+06 340244
631 5.74796e+06 321316
641 4.48769e+06 408794
651 6.23845e+06 345543
661 6.35875e+06 348096
671 6.52316e+06 370599
681 6.67951e+06 359869
691 5.24639e+06 391194
701 6.3264e+06 385288
711 4.56328e+06 367883
721 7.58745e+06 396591
731 5.26998e+06 407255
741 8.05211e+06 405025
751 8.20714e+06 423118
761 8.44475e+06 513247
771 8.63045e+06 455804
781 6.47898e+06 437720
791 9.05224e+06 432314
801 5.9488e+06 482277
811 7.56805e+06 500459
821 6.62459e+06 493035
831 1.00311e+07 543501
841 6.29088e+06 484271
851 7.6282e+06 493072
861 8.39151e+06 559858
871 6.84646e+06 505092
881 1.12481e+07 824174
891 1.18558e+07 1.00365e+06
901 8.70716e+06 577658
911 7.84579e+06 618418
921 1.21635e+07 659762
931 7.63685e+06 597418
941 7.99817e+06 620924
951 1.31498e+07 664185
961 1.33591e+07 1.12757e+06
971 1.38491e+07 783033
981 1.3748e+07 1.53572e+06
991 1.26785e+07 776691
