1 330.2 7.26085
11 1834.86 7.93224
21 5801.3 4271.31
31 9450.78 2666.53
41 15987.2 4514.48
51 22125.7 3247.79
61 34502.9 8107.21
71 52341.8 9435.62
81 68838.5 7766.94
91 95212.5 8258.71
101 107791 9766.46
111 92983.3 12893.8
121 119176 16890
131 135100 9946.96
141 160993 24120.9
151 291923 20841.8
161 267536 23768.6
171 396670 29334.5
181 391468 37803.5
191 330795 32406.1
201 328215 32605.5
211 478013 32148.4
221 442063 29544.3
231 622823 35614.5
241 658150 38573.3
251 630657 50588.2
261 891159 45207.6
271 576860 58041
281 1.0715e+06 72784.9
291 1.21403e+06 131581
301 834822 220341
311 1.34864e+06 169412
321 1.14528e+06 296028
331 1.37828e+06 380741
341 1.18736e+06 222417
351 997701 106381
361 1.78193e+06 107572
371 2.4687e+06 744707
381 1.42309e+06 338242
391 1.79814e+06 260853
401 2.42424e+06 363661
411 2.75503e+06 631876
421 2.12633e+06 156462
431 2.9782e+06 517400
441 1.88305e+06 166939
451 3.03829e+06 430451
461 2.07089e+06 172525
471 3.53632e+06 677378
481 2.01629e+06 166756
491 2.34753e+06 607819
501 2.26209e+06 210398
511 3.82069e+06 231892
521 3.75294e+06 224003
531 2.97309e+06 235654
541 2.7177e+06 240857
551 4.64808e+06 579356
561 3.13203e+06 257038
571 3.86801e+06 236653
581 4.30291e+06 802653
591 5.28259e+06 718637
601 5.29679e+06 758503
611 5.44838e+06 316288
621 3.48752e+06 314213
631 6.3292e+06 920144
641 4.52958e+06 715251
651 3.85208e+06 572934
661 4.80952e+06 898322
671 6.68685e+06 678521
681 5.25415e+06 1.16385e+06
691 8.33294e+06 745174
701 8.48341e+06 909192
711 4.93992e+06 822688
721 4.82342e+06 384890
731 5.20487e+06 887274
741 7.50668e+06 649787
751 7.13069e+06 977978
761 7.25537e+06 945526
771 7.92156e+06 876685
781 6.5211e+06 470799
791 9.80473e+06 1.52171e+06
801 7.23679e+06 993708
811 9.78383e+06 855362
821 1.00661e+07 1.05631e+06
831 1.02772e+07 1.05583e+06
841 6.98877e+06 1.2046e+06
851 1.19139e+07 3.22972e+06
861 1.20827e+07 2.11754e+06
871 1.20891e+07 2.40417e+06
881 1.12181e+07 2.86236e+06
891 1.58397e+07 3.44374e+06
901 1.10564e+07 3.11954e+06
911 1.59699e+07 2.66561e+06
921 1.34339e+07 3.12126e+06
931 1.0397e+07 627106
941 1.4472e+07 2.71457e+06
951 8.04448e+06 788648
961 1.3354e+07 2.05358e+06
971 1.57759e+07 3.05889e+06
981 1.06245e+07 722178
991 1.31976e+07 2.76942e+06
