1 213.88 1.24322
201 2504.08 27.0502
401 4299.5 38.165
601 6851.22 3940.51
801 8012.08 79.208
1001 9837.74 41.0988
1201 11755.4 66.6714
1401 13572.8 35.1502
1601 15478.6 139.306
1801 17306.2 54.8722
2001 19235.3 582.62
2201 21488.9 533.151
2401 23323.7 430.701
2601 24805.4 266.733
2801 26630.4 614.548
3001 28413.5 54.3773
3201 30351.1 641.234
3401 32065 90.3109
3601 34141.2 132.61
3801 35926.2 626.988
4001 37889 713.848
4201 40359 886.049
4401 41416.7 88.4009
4601 43149.4 112.584
4801 45094.5 93.002
5001 47114.3 1380.42
5201 48942.8 717.946
5401 50716.9 641.386
5601 52415.9 105.936
5801 54935.7 906.065
6001 56098.1 103.429
6201 57960.7 614.265
6401 59898.6 716.895
6601 61949.5 1526.11
6801 63525.3 115.06
7001 65768.8 2088.92
7201 67526 1744.42
7401 69439.8 1657.73
7601 71082.6 700.198
7801 73192 1499.39
8001 74796.7 753.634
8201 77342.6 1330.15
8401 78597.2 779.585
8601 80541.2 1612.7
8801 82310.4 513.341
9001 84293.2 1523.37
9201 86715.5 1220.34
9401 88067.4 782.467
9601 90044.2 1387.09
9801 92010.2 1177.03
10001 93957.1 1687.19
10201 95684.7 1655.77
10401 98168.6 1385.93
10601 100572 2210.29
10801 101702 1692.63
11001 103253 880.464
11201 104996 734.861
11401 106712 1413.6
11601 108956 690.251
11801 111181 929.593
12001 112625 1701.62
12201 114702 1330.77
12401 116667 1612.63
12601 118811 2026.29
12801 121097 1004.77
13001 122876 1795.66
13201 124528 1636.69
13401 126599 1899.75
13601 128552 1699.58
13801 129998 903.453
14001 132253 1907.23
14201 134029 3602.95
14401 135629 886.729
14601 138319 2196.79
14801 139488 656.901
15001 141663 1586.45
15201 143837 1895.59
15401 146174 2122.98
15601 147554 1822.71
15801 149154 1533.96
16001 151336 1730.34
16201 152984 1453.71
16401 156875 2839.54
16601 156706 945.576
16801 158670 962.986
17001 160748 1539.47
17201 162535 1463.86
17401 164480 1871.01
17601 166498 1815.44
17801 168215 1732.83
18001 170555 2468.59
18201 171996 1015.15
18401 173717 927.48
18601 176560 1466.02
18801 177891 1714.31
19001 180287 2185.43
19201 182247 1774.43
19401 183806 1890.06
19601 186277 1771.38
19801 187385 1832.49
20001 190061 1552.99
20201 191940 2484.99
20401 193980 2307.75
20601 195269 1833.67
20801 197488 2529.17
21001 200361 1782.94
21201 201070 1312.59
21401 203118 1931.12
21601 205367 2277.74
21801 206897 1823.93
22001 209164 2460.86
22201 211104 2415.3
22401 212967 2284.57
22601 214371 1553.79
22801 217398 2323.48
23001 218476 2235.47
23201 220665 2401.26
23401 223518 3120.55
23601 224650 1950.94
23801 226068 1591
24001 228075 2604.77
24201 230583 2581.86
24401 232405 2536.67
24601 234849 2986.46
24801 235932 2679.75
25001 237740 2338.61
25201 239717 2640.96
25401 241423 2114.27
25601 245108 2450.97
25801 245968 2747.57
26001 247344 2154.22
26201 249414 2078.72
26401 251768 2489.65
26601 253653 3164.05
26801 256942 3488.66
27001 257528 2718.17
27201 259344 2449.23
27401 261761 2520.22
27601 262994 2359.41
27801 266628 3545.56
28001 267115 2427.33
28201 269742 2364.83
28401 271001 2946.63
28601 272672 2476.38
28801 274553 3694.52
29001 276464 2372.06
29201 281607 3221.06
29401 280366 2440.55
29601 282630 2875.63
29801 285004 3578.03
30001 286178 2324.46
30201 287973 2129.27
30401 290172 2317.81
30601 292340 2547.98
30801 294708 3227.07
31001 296762 2552.12
31201 297815 2342.17
31401 300259 2720.99
31601 302363 2596.67
31801 304333 3142.66
32001 307518 3690.72
32201 308055 2739.39
32401 309980 2653.34
32601 312011 3248.34
32801 315119 3316.66
33001 315405 3025.59
33201 318193 2918.87
33401 320140 4307.28
33601 321934 3165.91
33801 326061 2729.77
34001 326498 3455.41
34201 327917 4598.24
34401 329977 3014.6
34601 331143 2362.22
34801 333542 3192.07
35001 336167 5352.85
35201 336554 2524.1
35401 339838 4307.58
35601 342037 3235
35801 344113 4587.57
36001 346582 3716.22
36201 348200 4352.61
36401 349663 3638.15
36601 351381 4309.98
36801 351855 2845.49
37001 353900 4932.86
37201 357479 4610.07
37401 362330 5558.27
37601 359710 4002.23
37801 362165 2684.47
38001 364683 3684.46
38201 367041 5188.56
38401 371610 3963.93
38601 371107 4092.71
38801 372348 3670.26
39001 374212 3602.58
39201 376241 4145.14
39401 377926 3896.57
39601 379868 3337.02
39801 382841 4238.15
40001 383659 3810.3
40201 388265 4863.29
40401 387892 4156.14
40601 389637 3549.42
40801 391861 3981.01
41001 395732 4411.74
41201 395581 3396.4
41401 398183 4239.87
41601 399992 4495.9
41801 401523 4299.54
42001 406911 4255.82
42201 405926 4332.31
42401 407887 4330.79
42601 409702 3889.26
42801 411610 4029.33
43001 413002 3647.35
43201 415026 4111.72
43401 417220 4025.04
43601 420051 4496.9
43801 423007 4232.26
44001 423162 4553.96
44201 427966 4406.56
44401 428021 3627.57
44601 430863 4601.71
44801 433719 6688.22
45001 435055 5509.84
45201 437965 4626.15
45401 438616 5966.66
45601 442394 5628.18
45801 442925 6265.35
46001 446117 7194.64
46201 446179 4476.19
46401 448384 5120.34
46601 453210 5907.46
46801 451995 3955.58
47001 453912 4683.06
47201 457622 7486.63
47401 457949 4863.33
47601 460802 5122.83
47801 464186 7458.79
48001 465015 5116.24
48201 466521 4874.97
48401 471578 7481.73
48601 471298 5266.51
48801 473101 5149.88
49001 477576 7893.71
49201 477820 4943.27
49401 478791 6091.24
49601 481184 7066.2
49801 482591 5516.71
