1 1450 98.5515
11 11952.9 15054.5
21 8136.82 11089.7
31 9245.9 1709.74
41 14196.3 719.271
51 21261.8 958.832
61 35449.5 6709.11
71 49804.9 5617.94
81 48800.5 1468.23
91 98430.1 6836.48
101 99326.1 10921.9
111 145177 11686.9
121 106422 7564.15
131 204968 8315.43
141 247340 12364.5
151 220668 19956.4
161 327756 11809.3
171 247022 12917.1
181 419790 17122
191 279574 12537.3
201 526891 30494.1
211 344399 21956.9
221 563416 29395.5
231 697087 33825.8
241 757524 39090.9
251 496070 37733.4
261 695294 49857.2
271 830904 58125.7
281 668344 87438.5
291 1.12015e+06 60918
301 739313 66155.7
311 787506 71801
321 1.39122e+06 76041.3
331 1.07205e+06 97388.5
341 935394 90086.3
351 1.61137e+06 155974
361 1.76725e+06 109016
371 1.90338e+06 120148
381 1.20726e+06 106781
391 1.80494e+06 133415
401 1.3892e+06 237124
411 1.52672e+06 135230
421 2.03734e+06 194596
431 2.62337e+06 194250
441 2.7631e+06 249448
451 2.90129e+06 241941
461 3.25631e+06 441939
471 3.34258e+06 416246
481 2.04867e+06 195012
491 2.81646e+06 201085
501 2.34445e+06 488023
511 2.25059e+06 212015
521 2.59347e+06 215430
531 3.38761e+06 787679
541 4.35959e+06 498960
551 4.73691e+06 743033
561 5.00749e+06 707546
571 2.85974e+06 252477
581 3.17616e+06 259084
591 3.35063e+06 826973
601 3.38342e+06 280012
611 5.33884e+06 339289
621 6.44622e+06 1.01217e+06
631 6.87818e+06 1.10018e+06
641 4.17262e+06 729771
651 6.61466e+06 823600
661 6.32781e+06 472317
671 4.69087e+06 307051
681 6.78684e+06 331325
691 6.9411e+06 472871
701 4.63993e+06 541123
711 6.82663e+06 928270
721 7.39798e+06 378743
731 7.88295e+06 485151
741 4.84799e+06 333868
751 5.31874e+06 451173
761 5.09538e+06 405774
771 8.56477e+06 443087
781 9.15366e+06 559760
791 6.46947e+06 595341
801 8.03415e+06 542323
811 6.79055e+06 530632
821 7.68447e+06 528780
831 8.53831e+06 616335
841 1.02229e+07 540091
851 7.41633e+06 534114
861 1.09606e+07 602289
871 9.81095e+06 610488
881 8.36762e+06 580876
891 7.40488e+06 574058
901 7.33032e+06 686821
911 1.22795e+07 1.09673e+06
921 9.00122e+06 584849
931 1.24003e+07 586834
941 8.89683e+06 715083
951 1.29715e+07 680829
961 9.96571e+06 625701
971 1.37448e+07 662880
981 1.3799e+07 943470
991 1.2017e+07 764957
