1 162.78 1.46
201 10181.5 155.26
401 19831.6 1367.71
601 29790.9 2459.21
801 38760.8 1108.43
1001 48319.8 6192.65
1201 58688.8 5452.64
1401 70178.2 4202.14
1601 76455.9 6575.89
1801 86843.6 6672.97
2001 96596 6812.86
2201 108147 11521.2
2401 122735 7830.47
2601 134646 11019.9
2801 147361 10253.9
3001 157201 11820.6
3201 173487 12957.1
3401 177802 12398.7
3601 195201 13416.2
3801 199838 12514.3
4001 210569 14711.2
4201 217774 16341
4401 237226 17623.8
4601 250291 25195.9
4801 261821 21353.6
5001 271396 23131.3
5201 287932 24784.3
5401 298768 25003.8
5601 288835 13338.6
5801 299396 13659.7
6001 310832 17969.6
6201 319822 17774.6
6401 327047 21298.7
6601 339023 18403.2
6801 332907 17640.1
7001 357213 19096.2
7201 367431 24119.6
7401 388034 22148
7601 393098 22780.8
7801 395231 17234.6
8001 410144 22298.3
8201 426759 27225.7
8401 440573 33273.9
8601 440849 27147
8801 445872 29207.2
9001 472023 29105.6
9201 471390 28857.2
9401 469368 20347.8
9601 506403 36486.7
9801 495801 24636.1
10001 526792 22556.1
10201 541382 30257
10401 542302 32954.1
10601 530522 26394.3
10801 545680 41949.3
11001 563782 36985.4
11201 590123 34981.6
11401 599110 29349.7
11601 613294 37998.3
11801 615536 37553.2
12001 622619 40269.5
12201 654739 29167.1
12401 671256 31155.4
12601 693861 50470.8
12801 677198 39022.9
13001 691133 26755.2
13201 692560 32977.5
13401 721036 37488.7
13601 726868 30602.6
13801 747113 66434.1
14001 759807 48831.5
14201 750458 54542.7
14401 774253 26139.2
14601 804641 53665.4
14801 792714 50017
15001 752829 46846.4
15201 782897 54657.8
15401 801928 45305.1
15601 862465 100968
15801 831159 62615.9
16001 818826 49674.3
16201 843928 87696.5
16401 841080 47345.8
16601 866492 66905.8
16801 861578 61265.3
17001 931729 79910.4
17201 909395 68051.6
17401 966175 100704
17601 948620 70233.1
17801 942895 57577
18001 937712 69252.1
18201 947052 56967.8
18401 898000 46626
18601 894125 36548.8
18801 903455 33805.3
19001 916228 31160.8
19201 933533 39313.4
19401 933922 31251.4
19601 960691 49841.4
19801 957385 35174.6
20001 986617 54005.5
20201 992145 42284.9
20401 987151 40398.9
20601 1.00222e+06 32168.6
20801 1.02143e+06 37596.2
21001 1.05751e+06 46885.5
21201 1.03096e+06 40410.1
21401 1.09147e+06 66189.9
21601 1.05028e+06 38486.4
21801 1.10681e+06 43819.4
22001 1.06353e+06 34383.5
22201 1.07361e+06 37176.9
22401 1.09149e+06 37437
22601 1.1011e+06 41221.1
22801 1.10464e+06 39135.1
23001 1.11378e+06 38360.2
23201 1.12061e+06 40184.9
23401 1.13423e+06 39817
23601 1.15863e+06 45507.4
23801 1.17001e+06 75526.5
24001 1.25282e+06 98789
24201 1.17215e+06 42003.6
24401 1.17943e+06 41655.5
24601 1.20099e+06 44585.1
24801 1.21636e+06 51951.2
25001 1.21694e+06 44294
25201 1.22868e+06 41663.9
25401 1.23601e+06 47090.9
25601 1.26667e+06 53965.3
25801 1.27173e+06 59276.4
26001 1.26481e+06 42317.6
26201 1.27814e+06 46456.6
26401 1.32356e+06 81001.1
26601 1.31353e+06 56017.2
26801 1.40678e+06 104180
27001 1.32522e+06 51565.3
27201 1.34846e+06 60955.8
27401 1.38337e+06 98812.1
27601 1.35871e+06 49161.4
27801 1.36324e+06 55890.2
28001 1.37946e+06 50950.6
28201 1.43465e+06 87445.6
28401 1.43918e+06 112637
28601 1.41716e+06 72946.7
28801 1.41698e+06 52530.7
29001 1.46273e+06 85559.4
29201 1.61125e+06 167930
29401 1.60188e+06 206255
29601 1.49693e+06 90754.2
29801 1.50593e+06 97928.8
30001 1.49975e+06 105640
30201 1.47827e+06 49242
30401 1.53991e+06 96997.4
30601 1.63784e+06 150037
30801 1.62543e+06 158309
31001 1.71408e+06 178562
31201 1.68173e+06 132090
31401 1.55945e+06 69312.7
31601 1.61572e+06 109821
31801 1.58133e+06 70918.3
32001 1.6065e+06 71343
32201 1.64286e+06 106412
32401 1.63808e+06 74097.9
32601 1.72389e+06 134573
32801 1.85435e+06 159551
33001 1.79763e+06 129850
33201 1.70788e+06 103820
33401 1.78082e+06 139779
33601 1.76047e+06 132062
33801 1.68363e+06 65429.5
34001 1.78382e+06 121419
34201 1.69658e+06 61001.7
34401 1.71027e+06 79591
34601 1.79857e+06 143294
34801 1.91376e+06 197369
35001 1.84987e+06 163637
35201 1.82538e+06 77039.6
35401 1.83138e+06 100493
35601 1.77465e+06 58182.6
35801 1.85148e+06 104190
36001 1.82455e+06 76332.9
36201 1.85168e+06 140003
36401 1.84327e+06 76301.6
36601 1.83289e+06 59027.6
36801 1.84648e+06 69389.2
37001 1.86905e+06 113711
37201 1.85047e+06 62105.9
37401 1.85198e+06 59971.2
37601 1.86822e+06 58723
37801 1.87966e+06 60330
38001 1.89646e+06 65475.4
38201 1.90499e+06 62229.9
38401 1.94795e+06 92836.3
38601 1.93183e+06 59096.1
38801 1.93363e+06 60122.3
39001 1.96454e+06 74811.7
39201 1.99119e+06 103136
39401 2.01109e+06 107205
39601 1.99419e+06 89041.5
39801 1.99393e+06 59737.9
40001 2.02072e+06 64517
40201 2.07896e+06 137887
40401 2.10096e+06 136668
40601 2.12746e+06 191065
40801 2.20504e+06 159129
41001 2.17386e+06 111303
41201 2.22144e+06 194600
41401 2.17986e+06 123839
41601 2.33225e+06 304192
41801 2.12056e+06 71448.7
42001 2.13715e+06 79026.9
42201 2.14338e+06 67421.1
42401 2.14887e+06 73510.3
42601 2.20526e+06 85811.6
42801 2.23228e+06 71533.4
43001 2.25218e+06 116228
43201 2.20336e+06 68100.7
43401 2.25593e+06 105488
43601 2.26639e+06 111775
43801 2.27868e+06 129863
44001 2.26678e+06 76786
44201 2.30139e+06 112105
44401 2.29481e+06 80050.2
44601 2.38834e+06 96113.8
44801 2.34452e+06 84042.2
45001 2.54467e+06 244375
45201 2.32253e+06 75946.6
45401 2.35677e+06 73098.2
45601 2.37483e+06 79357.9
45801 2.42693e+06 79002.5
46001 2.44919e+06 84716.6
46201 2.38909e+06 77352.4
46401 2.47693e+06 105733
46601 2.41569e+06 85428.2
46801 2.49648e+06 88667.2
47001 2.50693e+06 75037.4
47201 2.52146e+06 81774.2
47401 2.49256e+06 106181
47601 2.54536e+06 103796
47801 2.53115e+06 119146
48001 2.65142e+06 217478
48201 2.59912e+06 82547.6
48401 2.60213e+06 84196.4
48601 2.53555e+06 79333
48801 2.62623e+06 75929.4
49001 2.59665e+06 127023
49201 2.66503e+06 91797.9
49401 2.61629e+06 90038.2
49601 2.63062e+06 86888.3
49801 2.69761e+06 83140
