1 144191 52833.9
101 83352.5 745.375
201 83597.8 879.72
301 83954.8 1924.11
401 83020.2 1800.42
501 83840.4 1034.69
601 84683.8 3363.42
701 83784 993.234
801 83272.1 2517.52
901 83445.5 824.724
1001 87736.3 7312.97
1101 86634.8 2029.68
1201 83890.9 1933.73
1301 83571.1 2531.83
1401 84182.5 2521.29
1501 83630.3 790.645
1601 84972.9 2797.58
1701 84197.9 1861.46
1801 84370.9 2824.72
1901 89669.4 7394.51
2001 84025.3 3050.72
2101 83284.3 1051.43
2201 83958.2 1741.31
2301 86127.6 1906.77
2401 84072.8 2023.05
2501 83804.6 1001.28
2601 83661.2 2055.78
2701 83514.9 815.734
2801 83958.9 1770.24
2901 95231.9 16375.6
3001 86920.8 4811.64
3101 83217.7 1692.54
3201 83961.2 3440.76
3301 84348.4 2621.41
3401 84300 1709.6
3501 84470.2 2548.43
3601 83759 1726.12
3701 83773.1 2602.42
3801 84771.9 2947
3901 83921.9 762.761
4001 83943.1 1599.23
4101 84298.4 1032.38
4201 83437.6 1857.06
4301 83507.8 737.117
4401 84695.5 1948.41
4501 83283.2 2744.66
4601 84506.1 2494.81
4701 83627 872.545
4801 83785.8 2275.17
4901 83086.2 662.329
5001 88311.1 6087
5101 84932.5 3035.78
5201 84116.5 2390.32
5301 83632.8 1048.03
5401 84717.2 3310.98
5501 82669.4 761.398
5601 83489.4 1944.24
5701 83965.4 858.284
5801 85636.8 4022.56
5901 83369.3 743.284
6001 85213.4 1917.48
6101 83950.8 2521.68
6201 83623.6 2535.82
6301 87645.3 9408.52
6401 89013.2 2754.8
6501 88153 2964.64
6601 85583.2 4815.68
6701 85025.8 5096.04
6801 83822.9 2733.69
6901 84432.7 3622.69
7001 88215.5 6203.31
7101 85562.1 1763.09
7201 82930.1 1746.93
7301 84080 1692.56
7401 83935.9 1898.86
7501 82879.9 889.127
7601 84113.8 2682.95
7701 84026 823.968
7801 83645 1976.41
7901 83447.4 755.504
8001 84521.4 2721.83
8101 84227.8 2006.97
8201 88265.6 9747.45
8301 90838.9 3163.64
8401 83887.1 1775.98
8501 83805.8 1148.86
8601 85812.8 5923.7
8701 82971.8 840.42
8801 84286.3 2498.48
8901 88949.1 7944.51
9001 84130.5 2981.43
9101 83493 925.318
9201 84212.2 3213.22
9301 84833.1 1635.55
9401 83969.2 2647.87
9501 83621.9 756.084
9601 83846.2 2456.22
9701 84404.4 783.608
9801 83947.1 2700.14
9901 84609 2803.03
