100000 6.68502e+06 0
100000 6.4001e+06 0
100000 6.83779e+06 0
100000 6.478e+06 0
100000 6.94366e+06 0
100000 7.23637e+06 0
100000 6.39552e+06 0
100000 6.39298e+06 0
100000 6.40791e+06 0
100000 6.42218e+06 0
100000 8.01243e+06 0
100000 6.40695e+06 0
100000 6.41912e+06 0
100000 6.39958e+06 0
100000 6.66615e+06 0
100000 6.46528e+06 0
100000 6.83576e+06 0
100000 6.40941e+06 0
100000 6.43445e+06 0
100000 6.36703e+06 0
100000 6.7985e+06 0
100000 6.36932e+06 0
100000 6.54264e+06 0
100000 6.43072e+06 0
100000 6.64946e+06 0
100000 6.41664e+06 0
100000 7.03351e+06 0
100000 6.36968e+06 0
100000 6.39064e+06 0
100000 6.44241e+06 0
100000 6.5211e+06 0
100000 6.90654e+06 0
100000 6.40987e+06 0
100000 6.40468e+06 0
100000 6.39908e+06 0
100000 6.40162e+06 0
100000 6.41904e+06 0
100000 6.87507e+06 0
100000 6.40307e+06 0
100000 6.42498e+06 0
100000 7.12129e+06 0
100000 6.40552e+06 0
100000 6.395e+06 0
100000 6.45156e+06 0
100000 6.57408e+06 0
100000 6.4024e+06 0
100000 6.41346e+06 0
100000 6.57756e+06 0
100000 6.42233e+06 0
100000 7.3611e+06 0
100000 6.773e+06 0
100000 6.41668e+06 0
100000 6.4558e+06 0
100000 6.40116e+06 0
100000 6.39802e+06 0
100000 6.91592e+06 0
100000 6.40316e+06 0
100000 6.9218e+06 0
100000 8.70931e+06 0
100000 6.45641e+06 0
100000 6.67039e+06 0
100000 6.48677e+06 0
100000 6.55407e+06 0
100000 6.73305e+06 0
100000 6.39511e+06 0
100000 6.68898e+06 0
100000 6.41948e+06 0
100000 6.77017e+06 0
100000 6.42886e+06 0
100000 6.60703e+06 0
100000 6.43949e+06 0
100000 6.43056e+06 0
100000 6.41313e+06 0
100000 6.41986e+06 0
100000 6.78882e+06 0
100000 6.49897e+06 0
100000 6.692e+06 0
100000 6.43351e+06 0
100000 6.41014e+06 0
100000 6.53824e+06 0
100000 7.10497e+06 0
100000 6.55851e+06 0
100000 6.39839e+06 0
100000 6.38477e+06 0
100000 6.4391e+06 0
100000 6.40074e+06 0
100000 6.4109e+06 0
100000 6.39127e+06 0
100000 6.4323e+06 0
100000 6.43075e+06 0
100000 6.48887e+06 0
100000 7.34795e+06 0
100000 6.72786e+06 0
100000 6.40693e+06 0
100000 6.38423e+06 0
100000 6.41161e+06 0
100000 6.39877e+06 0
100000 6.4413e+06 0
100000 6.4191e+06 0
100000 6.39264e+06 0
100000 6.40976e+06 0
100000 6.43026e+06 0
100000 6.39101e+06 0
100000 6.4825e+06 0
100000 7.22847e+06 0
100000 6.40392e+06 0
100000 6.58217e+06 0
100000 6.84181e+06 0
100000 6.5803e+06 0
100000 6.83339e+06 0
100000 6.44979e+06 0
100000 6.40588e+06 0
100000 6.39367e+06 0
100000 7.54489e+06 0
100000 6.46526e+06 0
100000 6.38539e+06 0
100000 6.39463e+06 0
100000 6.39018e+06 0
100000 6.36991e+06 0
100000 6.39303e+06 0
100000 6.41708e+06 0
100000 6.41486e+06 0
100000 6.42571e+06 0
100000 6.47386e+06 0
100000 6.40415e+06 0
100000 6.98043e+06 0
100000 6.41428e+06 0
100000 6.78403e+06 0
100000 6.42104e+06 0
100000 6.40717e+06 0
100000 6.52508e+06 0
100000 6.95918e+06 0
100000 6.59578e+06 0
100000 6.38389e+06 0
100000 6.42664e+06 0
100000 6.44232e+06 0
100000 6.39985e+06 0
100000 6.74084e+06 0
100000 6.88038e+06 0
100000 6.4054e+06 0
100000 6.36873e+06 0
100000 7.41016e+06 0
100000 6.49701e+06 0
100000 6.41461e+06 0
100000 6.55172e+06 0
100000 6.40592e+06 0
100000 6.37691e+06 0
100000 6.49643e+06 0
100000 6.7249e+06 0
100000 6.44074e+06 0
100000 6.96742e+06 0
100000 6.41314e+06 0
100000 6.39289e+06 0
100000 6.41047e+06 0
100000 6.43788e+06 0
100000 6.41236e+06 0
100000 6.41995e+06 0
100000 6.42359e+06 0
100000 6.45096e+06 0
100000 6.38778e+06 0
100000 6.38462e+06 0
100000 6.44749e+06 0
100000 6.37092e+06 0
100000 6.43618e+06 0
100000 6.41088e+06 0
100000 6.42666e+06 0
100000 6.53389e+06 0
100000 6.42178e+06 0
100000 7.14949e+06 0
100000 6.53497e+06 0
100000 6.41504e+06 0
100000 6.77256e+06 0
100000 6.42338e+06 0
100000 6.84401e+06 0
100000 6.40629e+06 0
100000 8.0535e+06 0
100000 6.50561e+06 0
100000 6.65984e+06 0
100000 6.41514e+06 0
100000 6.36784e+06 0
100000 6.60373e+06 0
100000 6.43996e+06 0
100000 6.40224e+06 0
100000 6.48534e+06 0
100000 6.39208e+06 0
100000 6.40289e+06 0
100000 6.62951e+06 0
100000 6.38935e+06 0
100000 6.78586e+06 0
100000 6.36969e+06 0
100000 6.418e+06 0
100000 6.74402e+06 0
100000 8.15726e+06 0
100000 6.39589e+06 0
100000 6.38669e+06 0
100000 7.62105e+06 0
100000 6.40323e+06 0
100000 6.42542e+06 0
100000 6.45587e+06 0
100000 6.81548e+06 0
