800000 7.30591e+07 0
800000 7.76283e+07 0
800000 7.76594e+07 0
800000 7.75401e+07 0
800000 7.60779e+07 0
800000 7.67117e+07 0
800000 7.86581e+07 0
800000 7.93202e+07 0
800000 7.69239e+07 0
800000 7.65915e+07 0
800000 7.75425e+07 0
800000 7.75561e+07 0
800000 7.5569e+07 0
800000 7.70279e+07 0
800000 7.72141e+07 0
800000 7.59388e+07 0
800000 7.67169e+07 0
800000 7.61124e+07 0
800000 7.69079e+07 0
800000 7.7613e+07 0
800000 7.75203e+07 0
800000 7.64963e+07 0
800000 7.59569e+07 0
800000 7.69259e+07 0
800000 7.7527e+07 0
800000 7.73011e+07 0
800000 7.66931e+07 0
800000 7.67276e+07 0
800000 7.66124e+07 0
800000 7.71899e+07 0
800000 7.75043e+07 0
800000 7.70219e+07 0
800000 7.7574e+07 0
800000 7.65248e+07 0
800000 7.65105e+07 0
800000 7.69727e+07 0
800000 7.65613e+07 0
800000 7.68835e+07 0
800000 7.56065e+07 0
800000 7.74269e+07 0
800000 7.70884e+07 0
800000 7.69614e+07 0
800000 7.69786e+07 0
800000 7.82041e+07 0
800000 7.63161e+07 0
800000 7.76987e+07 0
800000 7.7665e+07 0
800000 7.6603e+07 0
800000 7.55875e+07 0
800000 7.52861e+07 0
800000 7.69591e+07 0
800000 7.61032e+07 0
800000 7.65412e+07 0
800000 7.74489e+07 0
800000 7.9478e+07 0
800000 7.74206e+07 0
800000 7.58838e+07 0
800000 7.61098e+07 0
800000 7.72496e+07 0
800000 7.68234e+07 0
800000 7.76128e+07 0
800000 7.54825e+07 0
800000 7.64107e+07 0
800000 7.58398e+07 0
800000 7.89971e+07 0
800000 7.75005e+07 0
800000 7.56848e+07 0
800000 7.62473e+07 0
800000 7.62911e+07 0
800000 7.67144e+07 0
800000 7.65649e+07 0
800000 7.63914e+07 0
800000 7.67964e+07 0
800000 7.66505e+07 0
800000 7.58041e+07 0
800000 7.67188e+07 0
800000 7.60555e+07 0
800000 7.68341e+07 0
800000 7.63619e+07 0
800000 7.61951e+07 0
800000 7.62754e+07 0
800000 7.53871e+07 0
800000 7.60387e+07 0
800000 7.77072e+07 0
800000 7.66896e+07 0
800000 7.7394e+07 0
800000 7.60437e+07 0
800000 7.59102e+07 0
800000 7.64273e+07 0
800000 7.73282e+07 0
800000 7.73866e+07 0
800000 7.75305e+07 0
800000 7.66392e+07 0
800000 7.50884e+07 0
800000 7.6511e+07 0
800000 7.74143e+07 0
800000 7.62726e+07 0
800000 7.73563e+07 0
800000 7.62718e+07 0
800000 7.73606e+07 0
800000 7.66059e+07 0
800000 7.72991e+07 0
800000 7.5911e+07 0
800000 7.71679e+07 0
800000 7.76886e+07 0
800000 7.76226e+07 0
800000 7.64094e+07 0
800000 7.74646e+07 0
800000 7.6738e+07 0
800000 7.88757e+07 0
800000 7.60517e+07 0
800000 7.84034e+07 0
800000 7.7639e+07 0
800000 7.75295e+07 0
800000 7.61627e+07 0
800000 7.57621e+07 0
800000 7.49218e+07 0
800000 7.62705e+07 0
800000 7.75488e+07 0
800000 7.75012e+07 0
800000 7.63418e+07 0
800000 7.77132e+07 0
800000 7.58084e+07 0
800000 7.64201e+07 0
800000 7.64988e+07 0
800000 7.94403e+07 0
800000 7.74613e+07 0
800000 7.57733e+07 0
800000 7.75678e+07 0
800000 7.73757e+07 0
800000 7.6613e+07 0
800000 7.64633e+07 0
800000 7.62664e+07 0
800000 7.68408e+07 0
800000 7.7585e+07 0
800000 7.78588e+07 0
800000 7.64552e+07 0
800000 7.67838e+07 0
800000 7.74843e+07 0
800000 7.54206e+07 0
800000 7.7117e+07 0
800000 7.60468e+07 0
800000 7.67151e+07 0
800000 7.76464e+07 0
800000 7.75403e+07 0
800000 7.67761e+07 0
800000 7.78228e+07 0
800000 7.70682e+07 0
800000 7.8485e+07 0
800000 7.668e+07 0
800000 8.17918e+07 0
800000 7.54985e+07 0
800000 7.72971e+07 0
800000 7.62965e+07 0
800000 7.63001e+07 0
800000 7.65284e+07 0
800000 7.74205e+07 0
800000 7.65214e+07 0
800000 7.72338e+07 0
800000 7.66739e+07 0
800000 7.65845e+07 0
800000 7.56276e+07 0
800000 7.61312e+07 0
800000 7.73474e+07 0
800000 7.76051e+07 0
800000 7.76451e+07 0
800000 7.73793e+07 0
800000 7.74505e+07 0
800000 7.68873e+07 0
800000 8.52228e+07 0
800000 7.75924e+07 0
800000 7.61467e+07 0
800000 7.5871e+07 0
800000 8.048e+07 0
800000 8.01158e+07 0
800000 7.6776e+07 0
800000 9.02459e+07 0
800000 7.74902e+07 0
800000 8.63684e+07 0
800000 8.01139e+07 0
800000 7.60235e+07 0
800000 7.50768e+07 0
800000 7.74803e+07 0
800000 7.88261e+07 0
800000 7.60232e+07 0
800000 7.60964e+07 0
800000 7.70156e+07 0
800000 7.64804e+07 0
800000 7.67241e+07 0
800000 7.72532e+07 0
800000 7.6702e+07 0
800000 7.88752e+07 0
800000 7.60985e+07 0
800000 7.81292e+07 0
800000 7.70464e+07 0
800000 8.25892e+07 0
800000 7.54284e+07 0
800000 7.68861e+07 0
800000 7.74033e+07 0
800000 7.76635e+07 0
