199396 9.31593e+06 0
199396 7.03639e+06 0
199396 7.06685e+06 0
199396 7.09208e+06 0
199396 7.04549e+06 0
199396 7.04825e+06 0
199396 7.03034e+06 0
199396 7.06491e+06 0
199396 7.00768e+06 0
199396 7.07146e+06 0
199396 7.01936e+06 0
199396 7.06672e+06 0
199396 7.09333e+06 0
199396 7.07438e+06 0
199396 7.05259e+06 0
199396 7.05777e+06 0
199396 7.04777e+06 0
199396 7.07704e+06 0
199396 7.02365e+06 0
199396 7.05313e+06 0
199396 7.04554e+06 0
199396 7.05296e+06 0
199396 7.06403e+06 0
199396 7.04109e+06 0
199396 7.02379e+06 0
199396 7.03767e+06 0
199396 7.04735e+06 0
199396 7.04678e+06 0
199396 7.08087e+06 0
199396 7.03583e+06 0
199396 7.05257e+06 0
199396 7.05234e+06 0
199396 7.07068e+06 0
199396 7.03082e+06 0
199396 7.0946e+06 0
199396 7.05937e+06 0
199396 7.03345e+06 0
199396 7.04813e+06 0
199396 7.07288e+06 0
199396 7.04091e+06 0
199396 7.08032e+06 0
199396 7.05204e+06 0
199396 7.06321e+06 0
199396 7.0588e+06 0
199396 7.05094e+06 0
199396 7.05714e+06 0
199396 7.05661e+06 0
199396 7.04718e+06 0
199396 7.02992e+06 0
199396 7.04536e+06 0
199396 7.05509e+06 0
199396 7.02701e+06 0
199396 7.07583e+06 0
199396 7.08902e+06 0
199396 7.04813e+06 0
199396 7.05075e+06 0
199396 7.04495e+06 0
199396 7.05005e+06 0
199396 7.04992e+06 0
199396 7.02475e+06 0
199396 7.06198e+06 0
199396 7.05398e+06 0
199396 7.06824e+06 0
199396 7.05522e+06 0
199396 7.03455e+06 0
199396 7.02676e+06 0
199396 7.06866e+06 0
199396 7.06754e+06 0
199396 7.079e+06 0
199396 7.06804e+06 0
199396 7.07306e+06 0
199396 7.03741e+06 0
199396 7.0641e+06 0
199396 7.0717e+06 0
199396 7.09806e+06 0
199396 7.08156e+06 0
199396 7.04602e+06 0
199396 7.03038e+06 0
199396 7.06973e+06 0
199396 7.01492e+06 0
199396 7.09193e+06 0
199396 7.05736e+06 0
199396 7.05375e+06 0
199396 7.06966e+06 0
199396 7.04432e+06 0
199396 7.06875e+06 0
199396 7.03498e+06 0
199396 7.0795e+06 0
199396 7.07208e+06 0
199396 7.06012e+06 0
199396 7.03099e+06 0
199396 7.07606e+06 0
199396 7.06903e+06 0
199396 7.06514e+06 0
199396 7.06774e+06 0
199396 7.01521e+06 0
199396 7.04115e+06 0
199396 7.01817e+06 0
199396 7.03923e+06 0
199396 7.07555e+06 0
199396 7.0561e+06 0
199396 7.09005e+06 0
199396 7.08042e+06 0
199396 7.0822e+06 0
199396 7.06122e+06 0
199396 7.08789e+06 0
199396 7.04333e+06 0
199396 7.07044e+06 0
199396 7.06096e+06 0
199396 7.06527e+06 0
199396 7.07877e+06 0
199396 7.0655e+06 0
199396 7.05874e+06 0
199396 7.09932e+06 0
199396 7.05848e+06 0
199396 7.08016e+06 0
199396 7.0355e+06 0
199396 7.09201e+06 0
199396 7.04421e+06 0
199396 7.0686e+06 0
199396 7.04947e+06 0
199396 7.0937e+06 0
199396 7.05836e+06 0
199396 7.11247e+06 0
199396 7.09397e+06 0
199396 7.12004e+06 0
199396 7.04432e+06 0
199396 7.04795e+06 0
199396 7.07136e+06 0
199396 7.06205e+06 0
199396 7.01992e+06 0
199396 7.0749e+06 0
199396 7.05092e+06 0
199396 7.10031e+06 0
199396 7.08675e+06 0
199396 7.06186e+06 0
199396 7.04071e+06 0
199396 7.06857e+06 0
199396 7.06184e+06 0
199396 7.08465e+06 0
199396 7.0722e+06 0
199396 7.03372e+06 0
199396 7.04364e+06 0
199396 7.0384e+06 0
199396 7.0702e+06 0
199396 7.03418e+06 0
199396 7.07076e+06 0
199396 7.06811e+06 0
199396 7.03202e+06 0
199396 7.05981e+06 0
199396 7.09049e+06 0
199396 7.07582e+06 0
199396 7.05446e+06 0
199396 7.03216e+06 0
199396 7.06412e+06 0
199396 7.04115e+06 0
199396 7.03942e+06 0
199396 7.02939e+06 0
199396 7.02616e+06 0
199396 7.06765e+06 0
199396 7.05194e+06 0
199396 7.06408e+06 0
199396 7.06569e+06 0
199396 7.03031e+06 0
199396 7.08308e+06 0
199396 7.03786e+06 0
199396 7.09161e+06 0
199396 7.09257e+06 0
199396 7.0355e+06 0
199396 7.03664e+06 0
199396 7.05499e+06 0
199396 7.06939e+06 0
199396 7.08607e+06 0
199396 7.04256e+06 0
199396 7.06784e+06 0
199396 7.07955e+06 0
199396 7.0314e+06 0
199396 7.07403e+06 0
199396 7.08351e+06 0
199396 7.06623e+06 0
199396 7.07557e+06 0
199396 7.07342e+06 0
199396 7.03493e+06 0
199396 7.04665e+06 0
199396 7.06211e+06 0
199396 7.06414e+06 0
199396 7.07906e+06 0
199396 7.0621e+06 0
199396 7.06e+06 0
199396 7.05362e+06 0
199396 7.05527e+06 0
199396 7.05133e+06 0
199396 7.04029e+06 0
199396 7.03576e+06 0
199396 7.05156e+06 0
199396 7.04921e+06 0
199396 7.05504e+06 0
199396 7.04961e+06 0
199396 7.04711e+06 0
199396 7.08185e+06 0
