1 6.52783e+06 102708
5129 8.88773e+06 336555
10257 9.45807e+06 703024
15385 9.25148e+06 627750
20513 9.23355e+06 575484
25641 9.23399e+06 667368
30769 9.08859e+06 710074
35897 8.94976e+06 308657
41025 8.46163e+06 632803
46153 9.1343e+06 754309
51281 9.13235e+06 673297
56409 8.95166e+06 791398
61537 8.96906e+06 732767
66665 9.3342e+06 580726
71793 9.22421e+06 498307
76921 9.41467e+06 613320
82049 8.83881e+06 529556
87177 9.28249e+06 387726
92305 9.30484e+06 427001
97433 9.34587e+06 451330
102561 8.5799e+06 167915
107689 9.28847e+06 455386
112817 9.26225e+06 442705
117945 9.40191e+06 650794
123073 8.89949e+06 627120
128201 8.92906e+06 547729
133329 9.62519e+06 684822
138457 9.35576e+06 597489
143585 9.31374e+06 586746
148713 9.27664e+06 455655
153841 9.3068e+06 586718
158969 9.3438e+06 541038
164097 9.33693e+06 537156
169225 9.33482e+06 548844
174353 9.36574e+06 635299
179481 9.38769e+06 480045
184609 9.30795e+06 534833
189737 9.3629e+06 636007
194865 9.28758e+06 551685
199993 9.34338e+06 409341
