1 5.55497e+06 10101.8
3 5.81156e+06 14683.3
5 6.73676e+06 11236
7 7.4325e+06 10919.4
9 7.22606e+06 10805.6
11 7.37524e+06 12230.4
13 7.77509e+06 14384.6
15 6.89845e+06 13303.1
17 8.91086e+06 17070.2
19 8.51202e+06 17491.7
21 8.74623e+06 13713.6
23 7.91894e+06 14370.5
25 8.55939e+06 12450.1
27 8.23858e+06 11180.6
29 8.21211e+06 13910.3
31 7.79122e+06 11594
33 8.19616e+06 14187.9
35 8.21797e+06 14163.6
37 8.17526e+06 15414.1
39 7.88845e+06 15455.4
41 8.006e+06 11532.2
43 8.48412e+06 11447.6
45 8.69685e+06 13002
47 8.46302e+06 20082.1
49 8.37182e+06 11607.1
51 7.58517e+06 12949
53 7.82984e+06 14123.1
55 8.59092e+06 12919.1
57 8.32814e+06 15280
59 8.16093e+06 13395.1
61 8.294e+06 14161.7
63 8.31712e+06 13741
65 8.79333e+06 11317
67 8.59537e+06 15336.3
69 8.66291e+06 27092.1
71 8.67204e+06 12976.5
73 8.81969e+06 11300.3
75 8.55367e+06 15558
77 8.53105e+06 10754.4
79 8.66094e+06 13170.1
