200000 1.80106e+07 0
200000 1.74797e+07 0
200000 1.75011e+07 0
200000 1.74398e+07 0
200000 1.75099e+07 0
200000 1.75371e+07 0
200000 1.74997e+07 0
200000 1.749e+07 0
200000 1.74594e+07 0
200000 1.74932e+07 0
200000 1.75303e+07 0
200000 1.7477e+07 0
200000 1.74597e+07 0
200000 1.75111e+07 0
200000 1.82666e+07 0
200000 1.84269e+07 0
200000 1.76368e+07 0
200000 1.74479e+07 0
200000 1.75027e+07 0
200000 1.75178e+07 0
200000 1.74623e+07 0
200000 1.88526e+07 0
200000 1.76217e+07 0
200000 1.74569e+07 0
200000 1.75236e+07 0
200000 1.7618e+07 0
200000 1.75209e+07 0
200000 1.74933e+07 0
200000 1.75205e+07 0
200000 1.75747e+07 0
200000 1.76006e+07 0
200000 1.75459e+07 0
200000 1.74913e+07 0
200000 1.75872e+07 0
200000 1.74796e+07 0
200000 1.90685e+07 0
200000 1.75215e+07 0
200000 1.76211e+07 0
200000 1.75332e+07 0
200000 1.78261e+07 0
200000 1.75344e+07 0
200000 1.74953e+07 0
200000 1.76401e+07 0
200000 1.74565e+07 0
200000 1.75787e+07 0
200000 1.75495e+07 0
200000 1.83605e+07 0
200000 1.75171e+07 0
200000 1.7481e+07 0
200000 1.75672e+07 0
200000 1.77668e+07 0
200000 1.75336e+07 0
200000 1.74817e+07 0
200000 1.74892e+07 0
200000 1.74621e+07 0
200000 1.75548e+07 0
200000 1.75254e+07 0
200000 1.78379e+07 0
200000 1.76442e+07 0
200000 1.74962e+07 0
200000 1.95027e+07 0
200000 1.75564e+07 0
200000 1.75352e+07 0
200000 1.75801e+07 0
200000 1.76143e+07 0
200000 1.74747e+07 0
200000 1.78716e+07 0
200000 1.78997e+07 0
200000 1.76037e+07 0
200000 1.94857e+07 0
200000 1.74708e+07 0
200000 1.78569e+07 0
200000 1.82315e+07 0
200000 2.23261e+07 0
200000 1.74528e+07 0
200000 1.75323e+07 0
200000 1.77173e+07 0
200000 1.7514e+07 0
200000 1.74594e+07 0
200000 1.74706e+07 0
200000 1.79655e+07 0
200000 1.76183e+07 0
200000 1.75055e+07 0
200000 1.7567e+07 0
200000 1.75043e+07 0
200000 1.74902e+07 0
200000 1.77541e+07 0
200000 1.85551e+07 0
200000 1.74876e+07 0
200000 1.75046e+07 0
200000 1.75917e+07 0
200000 1.75773e+07 0
200000 1.75162e+07 0
200000 1.75309e+07 0
200000 1.75956e+07 0
200000 1.75213e+07 0
200000 1.88062e+07 0
200000 1.75066e+07 0
200000 1.75448e+07 0
200000 1.74817e+07 0
200000 1.74794e+07 0
200000 1.7477e+07 0
200000 1.76398e+07 0
200000 1.74811e+07 0
200000 1.75246e+07 0
200000 1.75169e+07 0
200000 1.74928e+07 0
200000 1.74932e+07 0
200000 2.18136e+07 0
200000 1.75184e+07 0
200000 1.76602e+07 0
200000 1.74761e+07 0
200000 1.76345e+07 0
200000 1.75288e+07 0
200000 1.7496e+07 0
200000 1.83831e+07 0
200000 1.75833e+07 0
200000 1.74704e+07 0
200000 1.75476e+07 0
200000 1.74897e+07 0
200000 1.75312e+07 0
200000 1.74488e+07 0
200000 1.7578e+07 0
200000 1.75165e+07 0
200000 1.74592e+07 0
200000 1.75649e+07 0
200000 1.75104e+07 0
200000 1.75317e+07 0
200000 1.75293e+07 0
200000 1.76455e+07 0
200000 1.74738e+07 0
200000 1.80746e+07 0
200000 1.93527e+07 0
200000 1.75183e+07 0
200000 1.89041e+07 0
200000 1.75388e+07 0
200000 1.75034e+07 0
200000 1.75339e+07 0
200000 1.74792e+07 0
200000 1.76188e+07 0
200000 1.76382e+07 0
200000 1.7451e+07 0
200000 1.75463e+07 0
200000 1.75269e+07 0
200000 1.76233e+07 0
200000 1.75073e+07 0
200000 1.74876e+07 0
200000 1.76293e+07 0
200000 1.75352e+07 0
200000 1.74664e+07 0
200000 1.74864e+07 0
200000 1.75337e+07 0
200000 1.74787e+07 0
200000 1.75935e+07 0
200000 2.18994e+07 0
200000 1.76172e+07 0
200000 1.76872e+07 0
200000 1.74812e+07 0
200000 1.74527e+07 0
200000 1.75296e+07 0
200000 1.75949e+07 0
200000 1.80744e+07 0
200000 1.74967e+07 0
200000 1.75335e+07 0
200000 1.75169e+07 0
200000 1.90402e+07 0
200000 1.75588e+07 0
200000 1.75126e+07 0
200000 1.87408e+07 0
200000 1.74857e+07 0
200000 1.77726e+07 0
200000 1.89518e+07 0
200000 1.74906e+07 0
200000 1.78085e+07 0
200000 2.05152e+07 0
200000 1.75259e+07 0
200000 1.7504e+07 0
200000 1.74764e+07 0
200000 1.7541e+07 0
200000 1.75035e+07 0
200000 1.7969e+07 0
200000 1.74745e+07 0
200000 1.7483e+07 0
200000 2.04527e+07 0
200000 1.98442e+07 0
200000 1.74506e+07 0
200000 1.7502e+07 0
200000 1.74815e+07 0
200000 1.75805e+07 0
200000 1.75668e+07 0
200000 1.74601e+07 0
200000 1.75936e+07 0
200000 1.74602e+07 0
200000 1.75315e+07 0
200000 1.87034e+07 0
200000 1.75458e+07 0
200000 1.76959e+07 0
200000 1.74321e+07 0
200000 1.75092e+07 0
200000 1.76339e+07 0
