20000 1.13078e+06 67666.3
40000 6.14472e+06 155000
60000 1.36156e+07 1.46151e+06
80000 2.09813e+07 1.81168e+06
100000 2.83574e+07 1.40865e+06
120000 3.65667e+07 1.66594e+06
140000 4.48482e+07 2.23776e+06
160000 5.30524e+07 2.54149e+06
180000 5.81069e+07 2.16044e+06
200000 6.55856e+07 2.82019e+06
220000 7.30237e+07 3.64232e+06
240000 7.93843e+07 2.82453e+06
260000 8.64249e+07 3.09418e+06
280000 9.35716e+07 3.22518e+06
300000 1.00758e+08 2.83227e+06
320000 1.0669e+08 2.8498e+06
340000 1.15327e+08 3.05162e+06
360000 1.23125e+08 4.95433e+06
380000 1.2898e+08 2.89258e+06
400000 1.35994e+08 3.62488e+06
420000 1.42266e+08 3.18904e+06
440000 1.4921e+08 3.73825e+06
460000 1.55695e+08 4.32388e+06
480000 1.81787e+08 3.9487e+06
500000 1.90977e+08 1.86191e+06
520000 1.98652e+08 1.95957e+06
540000 2.06743e+08 1.79509e+06
560000 2.14435e+08 2.51499e+06
580000 2.21457e+08 2.05948e+06
600000 2.2929e+08 1.60181e+06
620000 2.38539e+08 2.00014e+06
640000 2.41971e+08 1.05832e+07
660000 2.38826e+08 2.47881e+06
680000 2.46981e+08 2.5078e+06
700000 2.54358e+08 2.21629e+06
720000 2.61799e+08 2.01811e+06
740000 2.5392e+08 1.40143e+07
760000 2.48261e+08 3.58468e+06
780000 2.55893e+08 3.8251e+06
800000 2.62291e+08 3.60357e+06
