0.0416667 7.35338e+07 1.1428e+07
0.0833333 5.82732e+07 1.33091e+07
0.125 4.15942e+07 9.45811e+06
0.166667 3.63639e+07 6.43213e+06
0.208333 3.26148e+07 4.52997e+06
0.25 3.07924e+07 1.67839e+06
0.291667 3.12844e+07 1.27642e+06
0.333333 3.18478e+07 654288
0.375 3.26763e+07 480933
0.416667 3.36563e+07 49345.3
0.458333 3.48526e+07 42107.9
0.5 3.60122e+07 57586.3
0.541667 3.69937e+07 62414.9
0.583333 3.766e+07 58678.6
0.625 3.79523e+07 52643.5
0.666667 3.79988e+07 56840.1
0.708333 3.78603e+07 59281
0.75 3.76141e+07 64189.2
0.791667 3.73459e+07 74095.1
0.833333 3.70352e+07 47189
0.875 3.6725e+07 62599.2
0.916667 3.64329e+07 208007
0.958333 3.61119e+07 45770.7
1 3.58625e+07 56091.1
