20000 751122 45018.7
40000 1.4726e+06 1683.39
60000 2.2184e+06 23121.2
80000 2.96257e+06 18635.1
100000 3.74104e+06 22485.1
120000 4.50399e+06 20981.6
140000 5.2161e+06 20735.5
160000 6.00384e+06 22806.5
180000 6.76884e+06 22219.2
200000 7.53971e+06 29036.1
220000 8.3221e+06 27075.8
240000 9.08101e+06 27817.3
260000 9.85903e+06 28747.9
280000 1.0501e+07 26737.5
300000 1.12705e+07 34100
320000 1.20409e+07 34212.5
340000 1.28048e+07 30964
360000 1.3569e+07 32049.5
380000 1.43445e+07 38427.7
400000 1.51213e+07 31231.6
420000 1.5903e+07 35545.3
440000 1.66912e+07 33152.3
460000 1.7482e+07 38879.7
480000 1.82679e+07 35224.4
500000 1.90388e+07 29763.9
520000 1.98313e+07 49746
540000 2.03593e+07 38191.8
560000 2.11431e+07 44243.2
580000 2.19337e+07 48283.5
600000 2.27258e+07 41463.5
620000 2.34995e+07 44147.7
640000 2.42925e+07 41087.8
660000 2.5064e+07 44088.5
680000 2.58407e+07 45030.6
700000 2.66251e+07 37281.3
720000 2.74066e+07 46015.1
740000 2.82122e+07 45363.4
760000 2.89614e+07 40594.1
780000 2.97869e+07 53520
800000 3.05443e+07 40433.7
