20000 917406 78441.9
40000 1.87847e+06 89912.1
60000 3.59317e+06 159474
80000 6.03308e+06 874290
100000 8.63941e+06 553767
120000 1.27213e+07 548347
140000 1.29226e+07 360795
160000 1.91392e+07 851371
180000 1.7951e+07 486422
200000 2.37134e+07 1.32489e+06
220000 2.21039e+07 1.08536e+06
240000 3.2726e+07 919762
260000 2.86529e+07 856151
280000 3.68777e+07 1.08757e+06
300000 3.21408e+07 1.74149e+06
320000 4.02467e+07 927149
340000 3.80811e+07 1.11312e+06
360000 4.5545e+07 877480
380000 4.21082e+07 1.49528e+06
400000 5.22524e+07 1.26591e+06
420000 4.98922e+07 999658
440000 5.79566e+07 1.49826e+06
460000 5.34306e+07 953363
480000 6.31069e+07 1.59184e+06
500000 5.59767e+07 1.5446e+06
520000 7.29513e+07 1.27939e+06
540000 6.1733e+07 1.46108e+06
560000 7.23422e+07 1.55503e+06
580000 6.81345e+07 819606
600000 7.69074e+07 1.05099e+06
620000 7.11801e+07 2.11791e+06
640000 8.32944e+07 1.45307e+06
660000 7.56566e+07 1.72249e+06
680000 8.835e+07 1.58684e+06
700000 8.13143e+07 1.9678e+06
720000 1.14752e+08 1.32623e+06
740000 8.65088e+07 1.29695e+06
760000 1.00238e+08 1.15878e+06
780000 8.67056e+07 5.35035e+06
800000 9.74934e+07 2.61771e+06
