0.0416667 1.98515e+07 4.85844e+06
0.0833333 1.84547e+07 4.37493e+06
0.125 1.49205e+07 3.71532e+06
0.166667 1.43793e+07 2.18118e+06
0.208333 1.44014e+07 2.05868e+06
0.25 1.4009e+07 1.18828e+06
0.291667 1.4069e+07 684063
0.333333 1.41831e+07 101873
0.375 1.46948e+07 354937
0.416667 1.51638e+07 55392
0.458333 1.56826e+07 43827.7
0.5 1.61592e+07 38969.2
0.541667 1.65355e+07 26736.7
0.583333 1.67572e+07 41474
0.625 1.68003e+07 32301.2
0.666667 1.67544e+07 44547.6
0.708333 1.66462e+07 44839.4
0.75 1.64862e+07 46799
0.791667 1.63121e+07 41936.5
0.833333 1.61349e+07 41952.1
0.875 1.59421e+07 27690
0.916667 1.57695e+07 38326
0.958333 1.55924e+07 41466
1 1.54364e+07 43484.1
