400000 4.30862e+07 0
400000 4.81977e+07 0
400000 4.45464e+07 0
400000 4.27947e+07 0
400000 4.28528e+07 0
400000 4.31598e+07 0
400000 4.55639e+07 0
400000 4.25089e+07 0
400000 4.2887e+07 0
400000 4.43346e+07 0
400000 4.25333e+07 0
400000 4.28022e+07 0
400000 4.29879e+07 0
400000 4.32388e+07 0
400000 4.28371e+07 0
400000 4.26651e+07 0
400000 4.30803e+07 0
400000 4.43911e+07 0
400000 4.25015e+07 0
400000 4.27647e+07 0
400000 4.32677e+07 0
400000 4.67574e+07 0
400000 4.31083e+07 0
400000 4.28551e+07 0
400000 4.47944e+07 0
400000 4.4219e+07 0
400000 4.3766e+07 0
400000 4.31226e+07 0
400000 4.28615e+07 0
400000 4.23133e+07 0
400000 4.24949e+07 0
400000 4.33657e+07 0
400000 4.40785e+07 0
400000 4.96076e+07 0
400000 4.52727e+07 0
400000 4.32955e+07 0
400000 4.49194e+07 0
400000 4.23984e+07 0
400000 4.31546e+07 0
400000 4.28508e+07 0
400000 4.44507e+07 0
400000 4.26543e+07 0
400000 4.29237e+07 0
400000 4.22906e+07 0
400000 4.63847e+07 0
400000 4.25449e+07 0
400000 4.27058e+07 0
400000 4.68024e+07 0
400000 4.46295e+07 0
400000 4.246e+07 0
400000 4.2934e+07 0
400000 4.23571e+07 0
400000 4.86594e+07 0
400000 4.2802e+07 0
400000 4.28749e+07 0
400000 4.40705e+07 0
400000 4.57857e+07 0
400000 4.31329e+07 0
400000 4.30418e+07 0
400000 4.30611e+07 0
400000 4.26607e+07 0
400000 4.31696e+07 0
400000 4.59887e+07 0
400000 4.34792e+07 0
400000 4.35786e+07 0
400000 4.3007e+07 0
400000 4.28899e+07 0
400000 4.29508e+07 0
400000 4.29665e+07 0
400000 4.40165e+07 0
400000 4.45069e+07 0
400000 4.30934e+07 0
400000 4.2935e+07 0
400000 4.27075e+07 0
400000 4.29912e+07 0
400000 4.5521e+07 0
400000 4.3537e+07 0
400000 4.47786e+07 0
400000 4.25656e+07 0
400000 4.33066e+07 0
400000 4.52519e+07 0
400000 4.57887e+07 0
400000 4.26199e+07 0
400000 4.2988e+07 0
400000 4.42762e+07 0
400000 4.28611e+07 0
400000 4.31217e+07 0
400000 4.35756e+07 0
400000 4.31491e+07 0
400000 4.2331e+07 0
400000 4.25936e+07 0
400000 4.57831e+07 0
400000 4.5946e+07 0
400000 4.24969e+07 0
400000 4.27771e+07 0
400000 4.32003e+07 0
400000 4.48932e+07 0
400000 4.26113e+07 0
400000 4.26095e+07 0
400000 4.30428e+07 0
400000 4.43844e+07 0
400000 4.26078e+07 0
400000 4.32629e+07 0
400000 4.24747e+07 0
400000 4.26736e+07 0
400000 4.28878e+07 0
400000 4.29485e+07 0
400000 4.38451e+07 0
400000 4.73483e+07 0
400000 4.36276e+07 0
400000 4.24583e+07 0
400000 4.63489e+07 0
400000 4.2259e+07 0
400000 4.28292e+07 0
400000 4.49559e+07 0
400000 4.40258e+07 0
400000 4.43236e+07 0
400000 4.32078e+07 0
400000 4.44329e+07 0
400000 4.65016e+07 0
400000 4.25936e+07 0
400000 4.42895e+07 0
400000 4.51262e+07 0
400000 4.25099e+07 0
400000 4.2724e+07 0
400000 4.3118e+07 0
400000 4.40273e+07 0
400000 4.23105e+07 0
400000 4.31476e+07 0
400000 4.2965e+07 0
400000 4.55756e+07 0
400000 4.26657e+07 0
400000 4.27263e+07 0
400000 4.24789e+07 0
400000 4.64953e+07 0
400000 4.27361e+07 0
400000 4.26329e+07 0
400000 4.30373e+07 0
400000 4.39036e+07 0
400000 4.30913e+07 0
400000 4.29482e+07 0
400000 4.25374e+07 0
400000 4.45681e+07 0
400000 4.30941e+07 0
400000 4.29638e+07 0
400000 4.50771e+07 0
400000 4.24575e+07 0
400000 4.31887e+07 0
400000 4.31498e+07 0
400000 4.63681e+07 0
400000 4.25571e+07 0
400000 4.28515e+07 0
400000 4.55101e+07 0
400000 4.46252e+07 0
400000 4.37091e+07 0
400000 4.30159e+07 0
400000 4.34598e+07 0
400000 4.25167e+07 0
400000 4.26188e+07 0
400000 4.28277e+07 0
400000 4.40037e+07 0
400000 4.26802e+07 0
400000 4.28212e+07 0
400000 4.26009e+07 0
400000 4.23154e+07 0
400000 4.28761e+07 0
400000 4.30337e+07 0
400000 4.47232e+07 0
400000 5.1831e+07 0
400000 4.32399e+07 0
400000 4.32785e+07 0
400000 4.25225e+07 0
400000 4.26795e+07 0
400000 4.29193e+07 0
400000 4.44404e+07 0
400000 4.27457e+07 0
400000 4.42316e+07 0
400000 4.44271e+07 0
400000 4.39585e+07 0
400000 4.24465e+07 0
400000 4.32375e+07 0
400000 4.29387e+07 0
400000 4.44331e+07 0
400000 4.26281e+07 0
400000 4.27579e+07 0
400000 4.24761e+07 0
400000 4.22999e+07 0
400000 4.25674e+07 0
400000 4.29481e+07 0
400000 4.83647e+07 0
400000 4.25524e+07 0
400000 4.47214e+07 0
400000 4.23878e+07 0
400000 4.67242e+07 0
400000 4.24973e+07 0
400000 4.31127e+07 0
400000 4.56122e+07 0
400000 4.56996e+07 0
400000 4.47291e+07 0
400000 4.29767e+07 0
