399171 1.81415e+07 0
399171 1.60104e+07 0
399171 1.55253e+07 0
399171 1.54281e+07 0
399171 1.481e+07 0
399171 1.49085e+07 0
399171 1.48616e+07 0
399171 1.48278e+07 0
399171 1.4811e+07 0
399171 1.47911e+07 0
399171 1.48672e+07 0
399171 1.48688e+07 0
399171 1.4839e+07 0
399171 1.48155e+07 0
399171 1.48557e+07 0
399171 1.47974e+07 0
399171 2.04827e+07 0
399171 1.53679e+07 0
399171 1.55067e+07 0
399171 1.53607e+07 0
399171 1.4929e+07 0
399171 1.47674e+07 0
399171 1.4786e+07 0
399171 1.47723e+07 0
399171 1.55163e+07 0
399171 1.48134e+07 0
399171 1.47729e+07 0
399171 1.48589e+07 0
399171 1.4784e+07 0
399171 1.47252e+07 0
399171 1.48065e+07 0
399171 1.47724e+07 0
399171 1.83681e+07 0
399171 1.75735e+07 0
399171 1.48133e+07 0
399171 1.48741e+07 0
399171 1.48419e+07 0
399171 1.47936e+07 0
399171 1.47658e+07 0
399171 1.47806e+07 0
399171 1.48081e+07 0
399171 1.58189e+07 0
399171 1.63069e+07 0
399171 1.61082e+07 0
399171 1.63232e+07 0
399171 1.64347e+07 0
399171 1.52753e+07 0
399171 1.90832e+07 0
399171 1.58651e+07 0
399171 1.48194e+07 0
399171 1.48093e+07 0
399171 1.48442e+07 0
399171 1.48239e+07 0
399171 1.49265e+07 0
399171 1.48242e+07 0
399171 1.49043e+07 0
399171 1.48631e+07 0
399171 1.48103e+07 0
399171 1.49116e+07 0
399171 1.49733e+07 0
399171 1.48218e+07 0
399171 1.47136e+07 0
399171 1.47505e+07 0
399171 1.88974e+07 0
399171 1.50932e+07 0
399171 1.62804e+07 0
399171 1.48877e+07 0
399171 1.49039e+07 0
399171 1.49017e+07 0
399171 1.4814e+07 0
399171 1.4828e+07 0
399171 1.47829e+07 0
399171 1.48758e+07 0
399171 1.48427e+07 0
399171 1.48934e+07 0
399171 1.48244e+07 0
399171 1.48547e+07 0
399171 1.4885e+07 0
399171 1.48293e+07 0
399171 1.79657e+07 0
399171 1.58837e+07 0
399171 1.48453e+07 0
399171 1.47439e+07 0
399171 1.47348e+07 0
399171 1.47883e+07 0
399171 1.47781e+07 0
399171 1.48263e+07 0
399171 1.48759e+07 0
399171 1.47592e+07 0
399171 1.4708e+07 0
399171 1.4829e+07 0
399171 1.47244e+07 0
399171 1.47563e+07 0
399171 1.47341e+07 0
399171 1.49824e+07 0
399171 1.60285e+07 0
399171 1.48541e+07 0
399171 1.47841e+07 0
399171 1.47438e+07 0
399171 1.47347e+07 0
399171 1.47327e+07 0
399171 1.48089e+07 0
399171 1.47359e+07 0
399171 1.47738e+07 0
399171 1.48181e+07 0
399171 1.4787e+07 0
399171 1.48786e+07 0
399171 1.47357e+07 0
399171 1.4908e+07 0
399171 1.48091e+07 0
399171 1.47311e+07 0
399171 1.8446e+07 0
399171 1.51182e+07 0
399171 1.47961e+07 0
399171 1.47987e+07 0
399171 1.47527e+07 0
399171 1.47985e+07 0
399171 1.48502e+07 0
399171 1.47556e+07 0
399171 1.47459e+07 0
399171 1.47516e+07 0
399171 1.47449e+07 0
399171 1.48552e+07 0
399171 1.47478e+07 0
399171 1.47837e+07 0
399171 1.47965e+07 0
399171 1.48373e+07 0
399171 1.79734e+07 0
399171 1.50648e+07 0
399171 1.48233e+07 0
399171 1.47534e+07 0
399171 1.4753e+07 0
399171 1.47676e+07 0
399171 1.47395e+07 0
399171 1.48457e+07 0
399171 1.47824e+07 0
399171 1.47452e+07 0
399171 1.47665e+07 0
399171 1.48424e+07 0
399171 1.47363e+07 0
399171 1.47654e+07 0
399171 1.47643e+07 0
399171 1.49145e+07 0
399171 1.93459e+07 0
399171 1.57292e+07 0
399171 1.51868e+07 0
399171 1.47537e+07 0
399171 1.51246e+07 0
399171 1.47217e+07 0
399171 1.47839e+07 0
399171 1.47755e+07 0
399171 1.47041e+07 0
399171 1.47688e+07 0
399171 1.47596e+07 0
399171 1.50658e+07 0
399171 1.4835e+07 0
399171 1.47701e+07 0
399171 1.47114e+07 0
399171 1.47657e+07 0
399171 1.77789e+07 0
399171 1.65519e+07 0
399171 1.50128e+07 0
399171 1.48448e+07 0
399171 1.47723e+07 0
399171 1.48095e+07 0
399171 1.47621e+07 0
399171 1.47297e+07 0
399171 1.47995e+07 0
399171 1.47133e+07 0
399171 1.47288e+07 0
399171 1.47921e+07 0
399171 1.52619e+07 0
399171 1.47428e+07 0
399171 1.46919e+07 0
399171 1.47979e+07 0
399171 1.53245e+07 0
399171 1.54321e+07 0
399171 1.48554e+07 0
399171 1.47951e+07 0
399171 1.48629e+07 0
399171 1.48321e+07 0
399171 1.47687e+07 0
399171 1.479e+07 0
399171 1.48302e+07 0
399171 1.51829e+07 0
399171 1.47805e+07 0
399171 1.47814e+07 0
399171 1.48141e+07 0
399171 1.48958e+07 0
399171 1.47781e+07 0
399171 1.47241e+07 0
399171 1.50889e+07 0
399171 1.57897e+07 0
399171 1.51536e+07 0
399171 1.4898e+07 0
399171 1.48242e+07 0
399171 1.48472e+07 0
399171 1.48597e+07 0
399171 1.48242e+07 0
399171 1.48701e+07 0
