20000 659063 18747.9
40000 1.43017e+06 165034
60000 2.14109e+06 114652
80000 2.60832e+06 48126.8
100000 3.39937e+06 298808
120000 3.99264e+06 116028
140000 4.85201e+06 370718
160000 5.4054e+06 320273
180000 6.04156e+06 380158
200000 6.70198e+06 379038
220000 7.32259e+06 433099
240000 7.95789e+06 387312
260000 8.57607e+06 406510
280000 9.22457e+06 396630
300000 9.97262e+06 396951
320000 1.08236e+07 566516
340000 1.15811e+07 648231
360000 1.20196e+07 493310
380000 1.26341e+07 633265
400000 1.33608e+07 392060
420000 1.39921e+07 490648
440000 1.46464e+07 426931
460000 1.53553e+07 414351
480000 1.63318e+07 1.28251e+06
500000 1.66785e+07 596962
520000 1.74532e+07 617233
540000 1.81485e+07 731713
560000 1.87839e+07 714843
580000 1.93111e+07 658641
600000 2.00874e+07 769644
620000 2.06029e+07 601110
640000 2.13901e+07 661997
660000 2.21515e+07 810319
680000 2.27955e+07 757693
700000 2.34651e+07 1.07967e+06
720000 2.40004e+07 901117
740000 2.45954e+07 790618
760000 2.55426e+07 764366
780000 2.60759e+07 996159
800000 2.67789e+07 704493
