448 4.28948e+06 659683
5687 4.73877e+06 78226.2
10926 6.13377e+06 628818
16165 7.33446e+06 907682
21404 8.52438e+06 339160
26643 1.03333e+07 1.1412e+06
31882 1.26949e+07 1.04405e+06
37121 1.38477e+07 748504
42360 1.51624e+07 1.16389e+06
47599 1.05717e+07 960003
52838 1.89748e+07 1.33685e+06
58077 2.0088e+07 1.15011e+06
63316 2.10287e+07 993259
68555 2.21072e+07 1.02145e+06
73794 2.29857e+07 1.2275e+06
79033 2.36138e+07 1.00404e+06
84272 2.38819e+07 864142
89511 2.33233e+07 1.02347e+06
94750 1.8606e+07 1.19714e+06
99989 8.46896e+06 352558
