0.0416667 2.98756e+07 5.66292e+06
0.0833333 2.81629e+07 4.57876e+06
0.125 2.13053e+07 4.91622e+06
0.166667 2.02562e+07 3.18035e+06
0.208333 1.82219e+07 2.37825e+06
0.25 1.79455e+07 841229
0.291667 1.79785e+07 761924
0.333333 1.81824e+07 467978
0.375 1.84309e+07 322259
0.416667 1.87445e+07 247344
0.458333 1.90509e+07 67730.1
0.5 1.93492e+07 38597.9
0.541667 1.95718e+07 82159.2
0.583333 1.96681e+07 53842.9
0.625 1.96666e+07 43969.3
0.666667 1.9596e+07 48482.3
0.708333 1.94709e+07 45539.5
0.75 1.93027e+07 45037.4
0.791667 1.91301e+07 40181.4
0.833333 1.89638e+07 53097.2
0.875 1.87784e+07 40217.9
0.916667 1.86226e+07 48658.7
0.958333 1.84524e+07 46260.6
1 1.83171e+07 50665.9
