20000 260678 5697.49
40000 513046 40044.2
60000 797781 80960.2
80000 1.31594e+06 176898
100000 1.38678e+06 67443.4
120000 1.58045e+06 123890
140000 1.77914e+06 62923.3
160000 2.05771e+06 87036.2
180000 2.4921e+06 389799
200000 2.55379e+06 80019.5
220000 2.8376e+06 90455.1
240000 3.32777e+06 343915
260000 3.50929e+06 463391
280000 3.58764e+06 95422.7
300000 4.02579e+06 396573
320000 4.10197e+06 102453
340000 4.34061e+06 58719.6
360000 4.86659e+06 739603
380000 4.98445e+06 687916
400000 5.06677e+06 130934
420000 5.34557e+06 111929
440000 5.84366e+06 631841
460000 6.02683e+06 628961
480000 6.27149e+06 489698
500000 6.53269e+06 633036
520000 6.84705e+06 685831
540000 7.09633e+06 793253
560000 7.21708e+06 732495
580000 7.55253e+06 688460
600000 7.73485e+06 617737
620000 7.83677e+06 145097
640000 8.2651e+06 720633
660000 8.52779e+06 641850
680000 8.81897e+06 658655
700000 9.17992e+06 704534
720000 9.50625e+06 813889
740000 9.70235e+06 621591
760000 9.78718e+06 714905
780000 1.01146e+07 684169
800000 1.03882e+07 747319
