99681 4.36793e+06 0
99681 4.05581e+06 0
99681 3.51817e+06 0
99681 3.53473e+06 0
99681 3.5247e+06 0
99681 3.52881e+06 0
99681 3.529e+06 0
99681 3.55319e+06 0
99681 3.52883e+06 0
99681 3.51537e+06 0
99681 3.56201e+06 0
99681 3.52464e+06 0
99681 3.54252e+06 0
99681 3.52572e+06 0
99681 3.52798e+06 0
99681 3.51619e+06 0
99681 3.51895e+06 0
99681 3.53086e+06 0
99681 3.53502e+06 0
99681 3.53126e+06 0
99681 3.55953e+06 0
99681 3.52848e+06 0
99681 3.51597e+06 0
99681 3.52477e+06 0
99681 3.54534e+06 0
99681 3.52665e+06 0
99681 3.52561e+06 0
99681 3.52151e+06 0
99681 3.52619e+06 0
99681 3.53941e+06 0
99681 3.51694e+06 0
99681 3.54088e+06 0
99681 3.54921e+06 0
99681 3.50733e+06 0
99681 3.54016e+06 0
99681 3.53494e+06 0
99681 3.52697e+06 0
99681 3.52654e+06 0
99681 3.53331e+06 0
99681 3.54009e+06 0
99681 3.50844e+06 0
99681 3.51556e+06 0
99681 3.55687e+06 0
99681 3.53208e+06 0
99681 3.51253e+06 0
99681 3.54461e+06 0
99681 3.52685e+06 0
99681 3.50701e+06 0
99681 3.52135e+06 0
99681 3.53678e+06 0
99681 3.51769e+06 0
99681 3.52827e+06 0
99681 3.51425e+06 0
99681 3.52101e+06 0
99681 3.5252e+06 0
99681 3.54156e+06 0
99681 3.53457e+06 0
99681 3.52779e+06 0
99681 3.5111e+06 0
99681 3.51004e+06 0
99681 3.53992e+06 0
99681 3.52604e+06 0
99681 3.50925e+06 0
99681 3.51941e+06 0
99681 3.51559e+06 0
99681 3.51321e+06 0
99681 3.54559e+06 0
99681 3.53722e+06 0
99681 3.52402e+06 0
99681 3.5135e+06 0
99681 3.53578e+06 0
99681 3.53103e+06 0
99681 3.52953e+06 0
99681 3.5216e+06 0
99681 3.51499e+06 0
99681 3.53466e+06 0
99681 3.54183e+06 0
99681 3.51734e+06 0
99681 3.52725e+06 0
99681 3.52403e+06 0
99681 3.53982e+06 0
99681 3.52133e+06 0
99681 3.53412e+06 0
99681 3.52153e+06 0
99681 3.52407e+06 0
99681 3.53676e+06 0
99681 3.51183e+06 0
99681 3.55757e+06 0
99681 3.52759e+06 0
99681 3.52642e+06 0
99681 3.5026e+06 0
99681 3.49563e+06 0
99681 3.5164e+06 0
99681 3.54936e+06 0
99681 3.52044e+06 0
99681 3.53668e+06 0
99681 3.52992e+06 0
99681 3.52549e+06 0
99681 3.53556e+06 0
99681 3.5315e+06 0
99681 3.53296e+06 0
99681 3.54445e+06 0
99681 3.51299e+06 0
99681 3.51414e+06 0
99681 3.52587e+06 0
99681 3.52566e+06 0
99681 3.51819e+06 0
99681 3.50852e+06 0
99681 3.53312e+06 0
99681 3.55024e+06 0
99681 3.54222e+06 0
99681 3.52243e+06 0
99681 3.53259e+06 0
99681 3.51472e+06 0
99681 3.51846e+06 0
99681 3.5453e+06 0
99681 3.53786e+06 0
99681 3.5191e+06 0
99681 3.53136e+06 0
99681 3.52542e+06 0
99681 3.50734e+06 0
99681 3.50796e+06 0
99681 3.5376e+06 0
99681 3.5125e+06 0
99681 3.51946e+06 0
99681 3.54531e+06 0
99681 3.52173e+06 0
99681 3.51466e+06 0
99681 3.53317e+06 0
99681 3.53099e+06 0
99681 3.52314e+06 0
99681 3.53594e+06 0
99681 3.51266e+06 0
99681 3.50388e+06 0
99681 3.52686e+06 0
99681 3.50816e+06 0
99681 3.52261e+06 0
99681 3.54172e+06 0
99681 3.52382e+06 0
99681 3.5006e+06 0
99681 3.53361e+06 0
99681 3.50821e+06 0
99681 3.53784e+06 0
99681 3.52943e+06 0
99681 3.53842e+06 0
99681 3.55825e+06 0
99681 3.53917e+06 0
99681 3.52681e+06 0
99681 3.55279e+06 0
99681 3.55848e+06 0
99681 3.52627e+06 0
99681 3.53178e+06 0
99681 3.52416e+06 0
99681 3.54613e+06 0
99681 3.52564e+06 0
99681 3.52162e+06 0
99681 3.54685e+06 0
99681 3.51849e+06 0
99681 3.52848e+06 0
99681 3.54142e+06 0
99681 3.53597e+06 0
99681 3.53308e+06 0
99681 3.52176e+06 0
99681 3.51425e+06 0
99681 3.53516e+06 0
99681 3.49826e+06 0
99681 3.53266e+06 0
99681 3.52184e+06 0
99681 3.51849e+06 0
99681 3.52566e+06 0
99681 3.52934e+06 0
99681 3.54223e+06 0
99681 3.5043e+06 0
99681 3.51356e+06 0
99681 3.51832e+06 0
99681 3.52731e+06 0
99681 3.52069e+06 0
99681 3.52924e+06 0
99681 3.51577e+06 0
99681 3.52091e+06 0
99681 3.52563e+06 0
99681 3.52159e+06 0
99681 3.52508e+06 0
99681 3.53357e+06 0
99681 3.52694e+06 0
99681 3.54062e+06 0
99681 3.5377e+06 0
99681 3.52222e+06 0
99681 3.52444e+06 0
99681 3.52241e+06 0
99681 3.5242e+06 0
99681 3.52104e+06 0
99681 3.53111e+06 0
99681 3.53322e+06 0
99681 3.47551e+06 0
99681 3.51336e+06 0
99681 3.48626e+06 0
99681 3.5051e+06 0
99681 3.51716e+06 0
99681 3.52382e+06 0
