1 1.3359e+07 615935
3 1.38131e+07 1.3238e+06
5 1.6187e+07 672908
7 1.60944e+07 1.01248e+06
9 1.62265e+07 757186
11 1.7049e+07 629744
13 1.75767e+07 1.00806e+06
15 1.69493e+07 679776
17 1.86492e+07 685610
19 1.84213e+07 1.14327e+06
21 1.95511e+07 1.06313e+06
23 1.78869e+07 697175
25 1.89898e+07 1.04954e+06
27 1.76295e+07 833616
29 1.81924e+07 774376
31 1.8482e+07 921875
33 1.76906e+07 697052
35 1.89473e+07 917003
37 1.87482e+07 867206
39 2.02049e+07 748166
41 1.84003e+07 1.37235e+06
43 1.83119e+07 975446
45 1.91079e+07 642139
47 1.7085e+07 832058
49 1.77388e+07 516046
51 1.97109e+07 791817
53 1.64514e+07 784766
55 1.75566e+07 778282
57 1.90272e+07 735893
59 1.92102e+07 878485
61 1.67588e+07 1.07066e+06
63 1.91258e+07 908517
65 1.91926e+07 677181
67 1.99554e+07 744511
69 1.9642e+07 896936
71 1.97232e+07 797687
73 1.92091e+07 1.01559e+06
75 1.97363e+07 1.39642e+06
77 1.94803e+07 794351
79 1.95861e+07 957995
