19900 701656 1929.76
39903 1.40769e+06 1734.43
59685 2.10849e+06 3228.87
79800 2.80108e+06 4968.55
99681 3.52931e+06 4657.31
119805 4.19961e+06 6123.85
139656 4.88881e+06 6159.65
159895 5.61167e+06 6877.85
179700 6.30731e+06 6883.65
199396 6.98482e+06 8442.59
219453 7.68374e+06 7020.93
239778 8.41705e+06 6524.39
259560 9.1144e+06 7041.37
279378 9.79937e+06 9183.25
299925 1.05369e+07 17376.3
319600 1.12884e+07 83233.8
339900 1.2032e+07 8675.31
359976 1.27349e+07 8625.21
379756 1.34119e+07 10511.3
399171 1.41083e+07 10598
419986 1.48737e+07 9961.21
439453 1.55392e+07 10932.3
459361 1.62193e+07 9981.74
479710 1.68989e+07 9563.21
499500 1.75922e+07 9397.07
519690 1.83725e+07 11123.7
539241 1.911e+07 9435.38
559153 1.98036e+07 10412
579426 2.04936e+07 11398.9
598965 2.11322e+07 14082.1
619941 2.19729e+07 10389.3
639015 2.26008e+07 10778.8
659526 2.34161e+07 11300
679195 2.40963e+07 10198.2
699153 2.48104e+07 12238.7
719400 2.54662e+07 12345.7
739936 2.61901e+07 11560.8
759528 2.69478e+07 14985.1
779376 2.75962e+07 14385
799480 2.83005e+07 13898.3
