633 7.55207e+06 372172
11126 1.14345e+07 641119
21619 1.48727e+07 727444
32112 1.97621e+07 1.37507e+06
42605 2.41019e+07 1.41672e+06
53098 2.79677e+07 1.60136e+06
63591 3.20189e+07 1.69888e+06
74084 3.5815e+07 1.74317e+06
84577 3.96493e+07 2.04128e+06
95070 4.07321e+07 1.82843e+06
105563 4.36152e+07 2.39934e+06
116056 4.79205e+07 2.38777e+06
126549 5.51861e+07 1.16243e+06
137042 5.42622e+07 1.64264e+06
147535 5.7776e+07 2.09348e+06
158028 3.57833e+07 1.24501e+06
168521 3.56251e+07 1.03979e+06
179014 5.24025e+07 1.29315e+06
189507 4.22116e+07 1.81898e+06
200000 1.91577e+07 1.02574e+06
