0.0416667 5.23553e+07 6.63685e+06
0.0833333 3.96175e+07 8.90205e+06
0.125 3.52527e+07 8.51781e+06
0.166667 3.19454e+07 4.5125e+06
0.208333 3.09153e+07 2.58541e+06
0.25 3.07651e+07 1.50737e+06
0.291667 3.10737e+07 718715
0.333333 3.16052e+07 145212
0.375 3.25728e+07 222378
0.416667 3.35867e+07 73781.7
0.458333 3.47735e+07 55866.7
0.5 3.59371e+07 41647.1
0.541667 3.73826e+07 648405
0.583333 3.90102e+07 173237
0.625 3.92922e+07 44973.7
0.666667 3.93337e+07 49477.1
0.708333 3.92087e+07 59703.7
0.75 3.89399e+07 47270.5
0.791667 3.86602e+07 48566.2
0.833333 3.83414e+07 52507.5
0.875 3.80085e+07 54456.1
0.916667 3.77034e+07 48747.2
0.958333 3.74148e+07 99016
1 3.71569e+07 57701.5
