799480 2.99133e+07 0
799480 3.0507e+07 0
799480 2.97622e+07 0
799480 3.28325e+07 0
799480 2.9971e+07 0
799480 2.96991e+07 0
799480 2.97343e+07 0
799480 2.98063e+07 0
799480 2.98891e+07 0
799480 3.11741e+07 0
799480 2.96171e+07 0
799480 3.31853e+07 0
799480 3.05099e+07 0
799480 2.96851e+07 0
799480 2.97362e+07 0
799480 2.98501e+07 0
799480 2.98016e+07 0
799480 2.97309e+07 0
799480 3.01898e+07 0
799480 3.10082e+07 0
799480 3.3066e+07 0
799480 3.2843e+07 0
799480 3.03162e+07 0
799480 3.07914e+07 0
799480 2.9902e+07 0
799480 2.98191e+07 0
799480 3.21435e+07 0
799480 2.99851e+07 0
799480 2.99249e+07 0
799480 2.98269e+07 0
799480 2.98254e+07 0
799480 2.98341e+07 0
799480 2.97449e+07 0
799480 3.01666e+07 0
799480 3.10884e+07 0
799480 2.98745e+07 0
799480 2.97488e+07 0
799480 2.97921e+07 0
799480 2.97643e+07 0
799480 2.97812e+07 0
799480 2.97565e+07 0
799480 3.27849e+07 0
799480 3.02659e+07 0
799480 2.96783e+07 0
799480 2.97114e+07 0
799480 2.9715e+07 0
799480 2.96318e+07 0
799480 2.97125e+07 0
799480 2.9685e+07 0
799480 3.32523e+07 0
799480 2.98e+07 0
799480 2.96792e+07 0
799480 2.96572e+07 0
799480 2.96787e+07 0
799480 2.97196e+07 0
799480 2.96208e+07 0
799480 2.9663e+07 0
799480 3.09973e+07 0
799480 2.96562e+07 0
799480 2.97575e+07 0
799480 2.9668e+07 0
799480 2.96504e+07 0
799480 2.97578e+07 0
799480 2.9711e+07 0
799480 3.00584e+07 0
799480 3.18028e+07 0
799480 2.96566e+07 0
799480 2.96843e+07 0
799480 2.97301e+07 0
799480 2.95963e+07 0
799480 3.06084e+07 0
799480 2.96532e+07 0
799480 3.38261e+07 0
799480 3.06482e+07 0
799480 2.96156e+07 0
799480 2.96848e+07 0
799480 2.9736e+07 0
799480 2.97775e+07 0
799480 2.96112e+07 0
799480 2.97225e+07 0
799480 3.37904e+07 0
799480 2.98088e+07 0
799480 2.96705e+07 0
799480 2.97223e+07 0
799480 2.97321e+07 0
799480 2.98129e+07 0
799480 2.97259e+07 0
799480 2.97987e+07 0
799480 3.2231e+07 0
799480 2.98164e+07 0
799480 2.97651e+07 0
799480 2.96732e+07 0
799480 2.97651e+07 0
799480 2.98643e+07 0
799480 2.97273e+07 0
799480 3.34247e+07 0
799480 3.03539e+07 0
799480 2.99547e+07 0
799480 3.15751e+07 0
799480 2.97005e+07 0
799480 2.96386e+07 0
799480 2.97115e+07 0
799480 2.9673e+07 0
799480 3.48896e+07 0
799480 2.99287e+07 0
799480 2.97234e+07 0
799480 2.97081e+07 0
799480 2.95544e+07 0
799480 2.97387e+07 0
799480 2.9634e+07 0
799480 2.96403e+07 0
799480 3.14008e+07 0
799480 3.00026e+07 0
799480 2.98245e+07 0
799480 2.98653e+07 0
799480 2.9873e+07 0
799480 2.99984e+07 0
799480 2.98791e+07 0
799480 3.04745e+07 0
799480 3.07495e+07 0
799480 2.97174e+07 0
799480 2.98519e+07 0
799480 2.97763e+07 0
799480 2.97534e+07 0
799480 2.98412e+07 0
799480 2.98414e+07 0
799480 3.4118e+07 0
799480 3.00305e+07 0
799480 2.98192e+07 0
799480 2.98594e+07 0
799480 2.98877e+07 0
799480 2.99202e+07 0
799480 2.99463e+07 0
799480 3.02456e+07 0
799480 3.17938e+07 0
799480 3.02402e+07 0
799480 2.96309e+07 0
799480 2.97186e+07 0
799480 2.96322e+07 0
799480 2.97893e+07 0
799480 2.96153e+07 0
799480 3.29842e+07 0
799480 3.05392e+07 0
799480 2.96231e+07 0
799480 2.97318e+07 0
799480 2.96656e+07 0
799480 2.96311e+07 0
799480 2.97372e+07 0
799480 2.97429e+07 0
799480 3.42519e+07 0
799480 3.00288e+07 0
799480 2.96724e+07 0
799480 2.96551e+07 0
799480 2.96651e+07 0
799480 2.97658e+07 0
799480 2.97259e+07 0
799480 2.97064e+07 0
799480 3.27146e+07 0
799480 2.96848e+07 0
799480 2.96634e+07 0
799480 2.97345e+07 0
799480 2.95923e+07 0
799480 2.99888e+07 0
799480 3.02018e+07 0
799480 2.98167e+07 0
799480 3.05695e+07 0
799480 2.98307e+07 0
799480 2.97625e+07 0
799480 2.97247e+07 0
799480 2.98934e+07 0
799480 2.97724e+07 0
799480 2.9761e+07 0
799480 3.36726e+07 0
799480 3.06394e+07 0
799480 2.97399e+07 0
799480 2.96559e+07 0
799480 2.96993e+07 0
799480 2.97335e+07 0
799480 3.15313e+07 0
799480 2.97166e+07 0
799480 3.25059e+07 0
799480 2.97563e+07 0
799480 3.05093e+07 0
799480 2.97094e+07 0
799480 2.97403e+07 0
799480 2.98742e+07 0
799480 3.08507e+07 0
799480 2.99311e+07 0
799480 3.01285e+07 0
799480 2.96214e+07 0
799480 2.97773e+07 0
799480 2.95894e+07 0
799480 2.98112e+07 0
799480 2.97607e+07 0
799480 2.98112e+07 0
799480 3.29689e+07 0
799480 2.98163e+07 0
799480 2.96659e+07 0
799480 2.96963e+07 0
799480 2.97512e+07 0
