1 1.12003e+07 12885.1
10257 1.65375e+07 15520.5
20513 1.65601e+07 14639.9
30769 1.6218e+07 13721.9
41025 1.71375e+07 11689.5
51281 1.66157e+07 11982.4
61537 1.69448e+07 15179.5
71793 1.56952e+07 11910.3
82049 1.61967e+07 34001.4
92305 1.74812e+07 18188.6
102561 1.58821e+07 14230
112817 1.74444e+07 15419.5
123073 1.71941e+07 15481.7
133329 1.64235e+07 15168.4
143585 1.63147e+07 16072.7
153841 1.54464e+07 17783.5
164097 1.74473e+07 20804.1
174353 1.75185e+07 18917.3
184609 1.74635e+07 16690.6
194865 1.75183e+07 21163.4
205121 1.58919e+07 17684.8
215377 1.60291e+07 20419.9
225633 1.74747e+07 20045.9
235889 1.6138e+07 16616.4
246145 1.74939e+07 17602.6
256401 1.74849e+07 16328
266657 1.74748e+07 16387.7
276913 1.74518e+07 13663.8
287169 1.7479e+07 17729.3
297425 1.7456e+07 16976.9
307681 1.75019e+07 18332.5
317937 1.75241e+07 21220
328193 1.74583e+07 16911.8
338449 1.7469e+07 18721.5
348705 1.74939e+07 27246.6
358961 1.74408e+07 17783.7
369217 1.72113e+07 92368.8
379473 1.74726e+07 22074.5
389729 1.74236e+07 16957.4
399985 1.75082e+07 19090.1
